
ground truth:
[2.0, 0.0, 0.95, 0.0, 0.0, 0.9]
our method's errors: 
[16.11292241055429;;]
baseline errors: 
[0.37531521762078274;;]
recovered parameters:
Any[[2.0171997738398573, 0.08733854439160203, 0.9609720721193221, -0.06068917727665671, -0.07873216522681314, 0.9506419365026879]]
baseline recovered parameters:
Any[[2.018229946832204, -0.023327723254531082, 1.0, -0.07438171935418189, -0.09010106815930553, 1.0]]
parameter errors:
[0.02049077573573962;;]
baseline parameter errors:
[0.02702735629127707;;]
parameter cosine errors:
[0.9983871973967601;;]
baseline parameter cosine errors:
[0.9982135968509169;;]
observed trajectories:
Any[[0.028962370814017195, 1.960335803714857, 0.47924741617546945, -0.5932839257224175, 2.480004631885699, 1.9847596261768234, -0.39990736218020273, -0.30480747644224443, 0.08848018497512214, 1.8909973974752912, 0.7111088669411743, -0.793484199088561, 2.4265912382871324, 1.9428074839375917, -0.6683605096847133, -0.5342353683209793, 0.16403562832753957, 1.811323187521863, 0.8000000000010358, -0.7999999999998071, 2.353173212797491, 1.8815549865632022, -0.8000000000010251, -0.6908145791452206, 0.24403562833290932, 1.7313231875228643, 0.8000000000005285, -0.7999999999999016, 2.273173212792074, 1.8081157680001347, -0.8000000000005333, -0.7779697920942767, 0.32403562833826327, 1.6513231875238632, 0.8000000000005295, -0.7999999999999015, 2.193173212786672, 1.7292172783942996, -0.800000000000534, -0.8000000000003038, 0.4040356283436264, 1.571323187524863, 0.8000000000005303, -0.7999999999999015, 2.1131732127812626, 1.6492172783931525, -0.8000000000005347, -0.8000000000005332, 0.4840356283489981, 1.4913231875258643, 0.8000000000005311, -0.7999999999999012, 2.0331732127758473, 1.5709962205125836, -0.8000000000005354, -0.7644211575890075, 0.5640356283543779, 1.4113231875268673, 0.8000000000005321, -0.7999999999999011, 1.9531732127704247, 1.4983322274822448, -0.800000000000536, -0.6888587029956247, 0.6440356283597659, 1.3313231875278717, 0.8000000000005327, -0.7999999999999009, 1.873173212764996, 1.4347448818517041, -0.8000000000005366, -0.582888209592668, 0.7240356283651612, 1.251323187528878, 0.8000000000005332, -0.7999999999999007, 1.7931732127595628, 1.3827052226401502, -0.8000000000005371, -0.4579049746153899, 0.8040356283705637, 1.171323187529886, 0.8000000000005341, -0.7999999999999007, 1.713173212754125, 1.3434334555183707, -0.8000000000005376, -0.32753036779655165, 0.8840356283759727, 1.0913231875308946, 0.8000000000005347, -0.7999999999999003, 1.6331732127486827, 1.3166515348163113, -0.800000000000538, -0.2081080462202699, 0.9640356283813883, 1.0113231875319042, 0.8000000000005354, -0.7999999999999003, 1.553173212743237, 1.300281685293825, -0.8000000000005382, -0.11928894420430143, 1.0440356283868106, 0.9313231875329154, 0.8000000000005572, -0.7999999999998936, 1.4731732127377855, 1.2900822684361777, -0.8000000000005597, -0.08469939292272367, 1.12403562839267, 0.8513231875340637, 0.8000000000006017, -0.7999999999998757, 1.3931732127319016, 1.2793715841163027, -0.8000000000006038, -0.12951429344544632, 1.2040356283989722, 0.7713231875354171, 0.8000000000004331, -0.8000000000002437, 1.31317321272557, 1.2592668370308895, -0.8000000000004353, -0.2725806482285751, 1.28403562840143, 0.6913231875291318, 0.800000000000241, -0.8000000000006338, 1.233173212723092, 1.222733254886725, -0.8000000000002431, -0.45809099477247106, 1.3640356284038546, 0.6113231875226196, 0.8000000000001085, -0.8000000000003247, 1.1531732127206495, 1.1694080511950762, -0.8000000000001206, -0.6084130791834691, 1.4436813954622292, 0.531967900675439, 0.7929153411679306, -0.7871057369431832, 1.073173212720657, 1.103252259808089, -0.7999999999999989, -0.7147027485508041, 1.521750029925652, 0.45471015931064335, 0.7684573481009861, -0.7580490903526418, 0.9931732127206692, 1.028616555696898, -0.7999999999999993, -0.7780113336681235, 1.5966937011560014, 0.38098246095154453, 0.7304160765063932, -0.716504876829262, 0.9131732127206796, 0.9497159890132949, -0.799999999999999, -0.7999999999996612, 1.6673245903472127, 0.31186904482639394, 0.6822017073181472, -0.6657634456736915, 0.8331732127206886, 0.8697159890131119, -0.7999999999999994, -0.8000000000000187, 1.732776379352014, 0.24814467895180028, 0.6268340727781343, -0.6087238718181341, 0.7531732127206964, 0.7897159890129396, -0.7999999999999997, -0.8000000000000163, 1.7924652466192526, 0.190313606269762, 0.566943272566846, -0.547897581822594, 0.6731732127207027, 0.709715989012793, -0.7999999999999996, -0.8000000000000137, 1.8460513756665777, 0.13864770759506823, 0.5047793083798056, -0.4854203916712539, 0.5931732127207088, 0.6297159890126678, -0.799999999999998, -0.8000000000000479, 1.8934017828474499, 0.09322313250826017, 0.44222883523774986, -0.4230711100648856, 0.5136579384474844, 0.5498423831858318, -0.7903054854645788, -0.797472116534683, 1.9345550901868007, 0.05395482463105311, 0.38083731154934436, -0.3622950474792408, 0.4358176599149113, 0.47098730032109115, -0.7665000851869556, -0.7796295407585027, 1.969688706801146, 0.020628524106230835, 0.3218350207376128, -0.30423096301719493, 0.3609346721865579, 0.3945502782291061, -0.7311596693801731, -0.7491109010798862, 1.9990887393091903, -0.00707003267860466, 0.26616562942330235, -0.24974017267950926, 0.29004117770844423, 0.32167379076839814, -0.6867102201821489, -0.7084188481332323, 2.0231228275850244, -0.029528877801712233, 0.21451613609340153, -0.19943672978263957, 0.22393550964629963, 0.25325824991749607, -0.635403141060779, -0.6598919688839995, 2.04221599669912, -0.04718660266366105, 0.16734724618850946, -0.1537177674563366, 0.16320046575854175, 0.18997944183534002, -0.579297736694407, -0.6056841927585052, 2.0568295280985374, -0.060512154130905195, 0.12492338179984594, -0.11279326188854784, 0.10822307289720026, 0.13230768423228978, -0.5202501205324436, -0.5477509593020427, 2.0674427819198136, -0.06998754879632006, 0.08734169462564813, -0.07671463141975196, 0.0592151780392403, 0.08052806746207244, -0.45990777662676957, -0.48784137610197625, 2.074537846557107, -0.07609336684408446, 0.05455959812019676, -0.045401729535539975, 0.016234339833338402, 0.03476122007941874, -0.39970898749127853, -0.4274955715508723, 2.0785868498668436, -0.07929684925205233, 0.026420468074524216, -0.01866791862382183, -0.020795426439758218, -0.005015880329080927, -0.3408863379706604, -0.36804643661897585, 2.0800417372643043, -0.08004239647641025, 0.002677279874668061, 0.003756974136659072, -0.05206341901988084, -0.0389494496798411, -0.28447351363179574, -0.3106249503961449, 2.0793263040310044, -0.07874425191798967, -0.016985944540692344, 0.022205917031747967, -0.07785282613619635, -0.06728911185717389, -0.23131462869451624, -0.25616829315047407, 2.0768302609996874, -0.07578114797552024, -0.03293491608567745, 0.03705616181763635, -0.09852232460119648, -0.09036902479779922, -0.18207534060548677, -0.20542996566203062, 2.072905113059839, -0.07149269501200342, -0.04556804271132538, 0.04871289745269574, -0.11448884334048014, -0.1085900807086526, -0.13725503418018498, -0.1589911525550587, 2.0678616373407572, -0.06617730283116789, -0.055301471670323094, 0.05759494616401098, -0.1262115643582083, -0.12240326776549611, -0.09719938617437639, -0.11727258858184837, 2.061968761268523, -0.06009143909676189, -0.06255604977438423, 0.06412232852410549, -0.13417716617130115, -0.13229420764891925, -0.062112650087477454, -0.08054620908666016, 2.055453658826192, -0.05345004842591617, -0.0677459990722495, 0.06870548489280608, -0.13888625019183268, -0.13876881253075285, -0.03206903032315156, -0.04894588855006204, 2.048502905221039, -0.046427978625502374, -0.07126907303081584, 0.07173591111546712, -0.14084082893806085, -0.14233993666928105, -0.007022544601410108, -0.022476594220553148, 2.041264554797882, -0.039162285763542824, -0.07349793543234784, 0.07357794612372164, -0.14053269639168972, -0.1435148316922929, 0.013185195528835106, -0.001021306239732132, 2.0338510335113877, -0.03175531657812315, -0.07477249029754891, 0.07456143758467021, -0.1384324454942533, -0.142783151163921, 0.028819822419895707, 0.015654916807124337, 2.0263427647018153, -0.02427849426286506, -0.07539288589390118, 0.07497500872049011, -0.13497884610702648, -0.14060518960626212, 0.04025216532464261, 0.027904314346014595, 2.0187924744466077, -0.016776761084572208, -0.07561291921025642, 0.07505965484536592, -0.13056824949012363, -0.13739998460800637, 0.047959767013415325, 0.036199785619068024, 2.011230149518259, -0.009273657728132602, -0.07563357935672227, 0.07500241228342536, -0.12554364368457385, -0.1335328593403321, 0.052532349097581345, 0.04114271973439348, 2.0036686460676396, -0.001777043830150529, -0.07559648965565596, 0.07492986567621557, -0.12018294990364209, -0.12930193873803655, 0.054681526521054694, 0.043475692311500926, 1.9961099696096432, 0.005714514108938431, -0.07557703950427856, 0.07490129310556336, -0.11468612572151911, -0.12492313869132077, 0.05525495712140526, 0.044100308622806804]]
recovered trajectories
Any[Any[0.10011886900792448, 2.1871958811945738, 0.4945035065246073, -0.5203361236400209, 2.4313934917681137, 1.9053236683503882, -0.4689284339903635, -0.441771729759619, 0.16071083967670347, 2.1254176309341126, 0.7173359068400157, -0.7152288815668655, 2.370927445512977, 1.8457896214637306, -0.7403924911016744, -0.7489092079759097, 0.23657763501926046, 2.0496561868556507, 0.800000000000109, -0.8000000000000235, 2.2939078209573505, 1.7683441610650563, -0.800000000000105, -0.7999999999999782, 0.3165776350198169, 1.9696561868555322, 0.8000000000000547, -0.8000000000000117, 2.2139078209568055, 1.6883441610651775, -0.8000000000000538, -0.7999999999999883, 0.3965776350203711, 1.8896561868554147, 0.8000000000000549, -0.8000000000000117, 2.1339078209562614, 1.608344161065298, -0.8000000000000537, -0.799999999999988, 0.4765776350209253, 1.8096561868552952, 0.8000000000000549, -0.8000000000000438, 2.053907820955717, 1.5283441610654191, -0.8000000000000539, -0.7999999999999882, 0.5565776350214798, 1.730373054686374, 0.8000000000000548, -0.7856626433760878, 1.9739078209551717, 1.4483441610655399, -0.8000000000000539, -0.799999999999988, 0.6365776350220339, 1.6544161762214258, 0.8000000000000549, -0.733474925920572, 1.8939078209546252, 1.3683441610656615, -0.800000000000054, -0.799999999999988, 0.7165776350225889, 1.5848693237512437, 0.8000000000000549, -0.6574621234807496, 1.8139078209540778, 1.2883441610657829, -0.8000000000000543, -0.799999999999988, 0.7965776350231438, 1.5233931022256082, 0.8000000000000549, -0.5720623070296247, 1.733907820953529, 1.208344161065904, -0.8000000000000542, -0.7999999999999883, 0.8765776350236991, 1.470179309784719, 0.8000000000000548, -0.4922135417858191, 1.65390782095298, 1.1283441610660254, -0.8000000000000543, -0.7999999999999882, 0.9565776350242543, 1.4238957630096871, 0.800000000000055, -0.43345739371245423, 1.5739078209524298, 1.0483441610661466, -0.8000000000000546, -0.799999999999988, 1.03657763502481, 1.3816206912891575, 0.800000000000055, -0.4120440406957626, 1.493907820951879, 0.9683441610662682, -0.8000000000000544, -0.799999999999988, 1.1165776350253653, 1.3387673672000262, 0.8000000000000552, -0.4450224410844732, 1.4139078209513272, 0.88834416106639, -0.8000000000000551, -0.7999999999999887, 1.1965776350259256, 1.2891148132861319, 0.7999999999999982, -0.5480286371912698, 1.3339078209507702, 0.8083441610664958, -0.7999999999999937, -0.8000000000000549, 1.276577635025321, 1.227829976207987, 0.7999999999999732, -0.677668104397482, 1.2539078209513783, 0.7283441610652005, -0.7999999999999702, -0.8000000000000641, 1.3565776350253347, 1.155612268157155, 0.8000000000000009, -0.7666860566191035, 1.1739078209513671, 0.648344161065206, -0.7999999999999969, -0.7999999999999932, 1.4364650672867545, 1.077277965326211, 0.7977486452284036, -0.7999999999999389, 1.0939078209513695, 0.5683441610652034, -0.7999999999999974, -0.8000000000000015, 1.515171645741581, 0.9972779653262186, 0.776382923868126, -0.7999999999999999, 1.0139078209513708, 0.48856926055049665, -0.7999999999999999, -0.7954980102940767, 1.5909970559360063, 0.9172779653262224, 0.740125280020392, -0.7999999999999998, 0.9339078209513714, 0.4101408626045022, -0.7999999999999976, -0.7730699486257593, 1.6626406884486389, 0.8372779653262256, 0.6927473702322708, -0.7999999999999997, 0.8539078209513717, 0.33465918160447944, -0.8000000000000002, -0.7365636713746426, 1.7291562802967075, 0.7572779653262284, 0.637564466729103, -0.7999999999999997, 0.7739078209513713, 0.26335860955170154, -0.8, -0.6894477696808659, 1.7899066082442405, 0.6772793250173192, 0.5774420922215621, -0.7999728061782263, 0.6939078209513704, 0.19714624065339828, -0.7999999999999985, -0.6347996082851473, 1.8445193304645744, 0.598263641578126, 0.5148123521851303, -0.7803408626056798, 0.6139078209513689, 0.13664102223380256, -0.8, -0.5753047601067158, 1.8928448321929494, 0.5219775608055682, 0.45169768238238384, -0.7453807528455015, 0.5339078209513669, 0.08221249750811925, -0.7999999999999997, -0.5132657344069013, 1.934916715757304, 0.4497625564612722, 0.38973998890471345, -0.6989193340404417, 0.45476751251961256, 0.03401830750774477, -0.7828061686350399, -0.4506180656005417, 1.9709153860724695, 0.3826002526239189, 0.33023341739860734, -0.6443267427066414, 0.3781104930538196, -0.007960196456886375, -0.7503342206807578, -0.3889520136920379, 2.001135019001223, 0.3211578193239691, 0.2741592411764747, -0.5845219232923656, 0.3052841312039389, -0.04388471309047004, -0.706193016316794, -0.329538318979596, 2.025954061046663, 0.265832317506504, 0.2222215997323311, -0.521988113056945, 0.23729429860781523, -0.07402946140258965, -0.6536036356056103, -0.27335664726276154, 2.045809293341083, 0.2167931134986701, 0.17488304615607816, -0.4587959670997365, 0.17484434060497983, -0.09875357139222868, -0.5953955244510268, -0.22112555252999055, 2.061173399224551, 0.17402170183867927, 0.1323990715132679, -0.3966322661000788, 0.11837393581765475, -0.11847649742826535, -0.5340125712954036, -0.17333296819072075, 2.0725359010405944, 0.13734846810332707, 0.0948509648075898, -0.33683240860696, 0.0680969521178019, -0.13365646645913873, -0.47152710270158343, -0.13026641242673165, 2.08038727617278, 0.10648609051509259, 0.062176537836121336, -0.2804151431577207, 0.02403759886388283, -0.14477189988208217, -0.40965996237673286, -0.09204225603212908, 2.0852060228095404, 0.08105942145100076, 0.03419839489907253, -0.22811823812410156, -0.013935650458942983, -0.1523056902206364, -0.34980502407972514, -0.05863355073895563, 2.0874484204683124, 0.06063180878224929, 0.010649558276339482, -0.1804340152509087, -0.04607873556674281, -0.1567321703388185, -0.29305667807622154, -0.029896051624692478, 2.0875407170010503, 0.04472791383254636, -0.008803627621595317, -0.13764388374312644, -0.07274352038781319, -0.15850658234010212, -0.24023901834514638, -0.005592188400993041, 2.085873470798121, 0.03285315945506751, -0.02454129643703644, -0.09985120380642247, -0.09435225328611589, -0.15805683412132088, -0.19193563962087895, 0.014587152776598727, 2.082797782477625, 0.02451000021946861, -0.03697246997288733, -0.06701198090552302, -0.1113749915955611, -0.15577732235680616, -0.14851912656800773, 0.03100308251367105, 2.0786231628939644, 0.019211248948781564, -0.04651992170037069, -0.038963044508181596, -0.12430992191416061, -0.15202460010378352, -0.11017947980397653, 0.04405136254675315, 2.0736168023625163, 0.01649072181751855, -0.053607288928624874, -0.015447498117039125, -0.1336664395934002, -0.14711467393888558, -0.07695087378081922, 0.054147160751173276, 2.0680040282556713, 0.015911479822554617, -0.058648193208320425, 0.003862658217802529, -0.13995079723710974, -0.14132172832726428, -0.04873627909338638, 0.061711751481218324, 2.061969763391343, 0.017071949474031838, -0.062037104078278726, 0.019346734811785397, -0.14365409152219613, -0.13487809264174272, -0.025329606608363003, 0.06716096222917692, 2.055660824844515, 0.01961020170421842, -0.06414166685831674, 0.03141830979199023, -0.14524232902573078, -0.12797528782168544, -0.006435143462358571, 0.07089513417193205, 2.0491889310095903, 0.023206656791470232, -0.06529620984020726, 0.040510791953089244, -0.14514829382299402, -0.12076601409491616, 0.008315847517062169, 0.07329034036341811, 2.042634313061274, 0.027585465920788258, -0.06579614912614302, 0.047065390633312394, -0.1437649313652226, -0.11336696754701285, 0.019351401638331444, 0.07469059059461443, 2.0360498546087027, 0.032514798068058175, -0.06589301992530398, 0.05152125231212375, -0.14143996366794906, -0.10586240072039575, 0.027147952307104335, 0.07540074593769755, 2.0294657095626443, 0.037806235260281755, -0.06578988099588781, 0.05430749153238074, -0.13847145944147693, -0.09830836999326835, 0.0322221322223056, 0.07567986860482495, 2.0228943723123676, 0.043313450837963584, -0.06563686400966033, 0.05583682002128214, -0.135104098983029, -0.09073763935637215, 0.03512507694662677, 0.0757347441330785, 2.0163361955087207, 0.04893031490116049, -0.06552667206327954, 0.0565004612426749, -0.1315258971572188, -0.08316523547523538, 0.0364389595695577, 0.07571333348964229, 2.0097853683180404, 0.05458853931180618, -0.0654898717503399, 0.056664026970249, -0.12786517857989416, -0.0755946716401182, 0.03677541197692433, 0.07569794321269385]]
baseline recovered trajectories
Any[Any[-0.026987179436514755, 1.988427178948052, 0.5446764047953288, -0.7238712972242951, 2.5376285000815115, 2.0052266199933504, -0.5834730089107737, -0.3754548107852495, 0.039266628185244554, 1.912233614086461, 0.7803997473274127, -0.8000000000061879, 2.4684548496173897, 1.9543419167876799, -0.8000000000118422, -0.6422392532966363, 0.11828661556777387, 1.8322336140864153, 0.8000000000078578, -0.8000000000000954, 2.3884548495991793, 1.8833770563017849, -0.8000000000019133, -0.777057956389301, 0.19828661558377522, 1.7522336140867085, 0.8000000000016265, -0.799999999999971, 2.3084548495814543, 1.8045241584803502, -0.8000000000017534, -0.8000000000065779, 0.278286615599529, 1.6722336140870264, 0.80000000000156, -0.7999999999999677, 2.2284548495637164, 1.72452415847865, -0.8000000000017528, -0.800000000000196, 0.35828661561534453, 1.5922336140873579, 0.8000000000015652, -0.7999999999999666, 2.1484548495459674, 1.6445241584772334, -0.8000000000017534, -0.8000000000001747, 0.4382866156312197, 1.5122336140877004, 0.8000000000015708, -0.7999999999999656, 2.0684548495282145, 1.5672135459997258, -0.8000000000017536, -0.7462122495213577, 0.5182866156471485, 1.43223361408805, 0.8000000000015758, -0.7999999999999652, 1.9884548495104646, 1.4972460106407393, -0.8000000000017529, -0.6531384576287693, 0.5982866156631255, 1.3522336140884037, 0.8000000000015802, -0.799999999999965, 1.9084548494927274, 1.4377390173983113, -0.8000000000017514, -0.5370014071887194, 0.6782866156791448, 1.272233614088758, 0.800000000001584, -0.7999999999999651, 1.8284548494750081, 1.3902201216161283, -0.8000000000017489, -0.41337650842172424, 0.7582866156952012, 1.1922336140891094, 0.8000000000015874, -0.7999999999999653, 1.7484548494573147, 1.3546860940881773, -0.8000000000017462, -0.29730404210115774, 0.8382866157112887, 1.112233614089455, 0.8000000000015903, -0.7999999999999663, 1.668454849439655, 1.3296504407620282, -0.8000000000017424, -0.2034090243820523, 0.9182866157274026, 1.0322336140897914, 0.8000000000015928, -0.7999999999999674, 1.5884548494220352, 1.312179308390074, -0.8000000000017382, -0.14601362301312384, 0.998286615743537, 0.9522336140901154, 0.8000000000015947, -0.7999999999999681, 1.5084548494044627, 1.2979172536464156, -0.8000000000017333, -0.13922747181177197, 1.0782866157596886, 0.8722336140904252, 0.8000000000016166, -0.7999999999999375, 1.4284548493869433, 1.2811058031204234, -0.8000000000017483, -0.19700153865572967, 1.158286615776007, 0.792233614090672, 0.8000000000004202, -0.8000000000030285, 1.3484548493693274, 1.254657709305724, -0.8000000000005447, -0.3319603375804773, 1.2382866157681236, 0.7122336140291868, 0.799999999999548, -0.8000000000030888, 1.2684548493759864, 1.2113226624029119, -0.7999999999996654, -0.5347406016504447, 1.3182866157672197, 0.6322336140293783, 0.799999999999916, -0.8000000000000785, 1.1884548493757385, 1.148869247624932, -0.8000000000000356, -0.7143276938562347, 1.3982866157664768, 0.5525287050556896, 0.79999999999963, -0.7940981794751305, 1.1084548493753903, 1.0731869759085373, -0.8000000000000398, -0.7993177404258985, 1.4774925107400394, 0.4744573356742734, 0.7841178994822473, -0.7673292081487711, 1.0284548493749444, 0.9932210888855061, -0.8000000000000405, -0.7999999999972768, 1.5541952753608155, 0.3998333276843036, 0.7499373929438321, -0.7251509516461364, 0.9484548493745704, 0.913221088883768, -0.8000000000000336, -0.8000000000001795, 1.6268162588887798, 0.32996737665853443, 0.7024822776258901, -0.6721680688647249, 0.8684548493742713, 0.8332210888820395, -0.8000000000000259, -0.800000000000163, 1.694241859371011, 0.2657458347697256, 0.6460297320290023, -0.6122627689069449, 0.7884548493740483, 0.7532210888804676, -0.8000000000000183, -0.8000000000001476, 1.755751181058646, 0.20770035515362914, 0.5841567017337244, -0.548646823410534, 0.7084548493739039, 0.6732210888790522, -0.8000000000000103, -0.8000000000001322, 1.810948789030343, 0.1560719805376079, 0.5197954577099431, -0.48392066890554425, 0.6284548493738402, 0.5932210888777942, -0.7999999999999877, -0.8000000000001117, 1.859703298729351, 0.11086912845958771, 0.4552947362795453, -0.42013637265066295, 0.5484548493738669, 0.5132210888766789, -0.7999999999998011, -0.8000000000003985, 1.9020922112017071, 0.0719192175383106, 0.39248351317644325, -0.3588618457708735, 0.46925523890688087, 0.43428902324737156, -0.7839922093416883, -0.7786413125673813, 1.9383531392113174, 0.038913913470782095, 0.3327350470241189, -0.301244235575916, 0.3925700148057453, 0.3583393653642293, -0.7497122726844164, -0.7403518450800964, 1.9688413589243388, 0.011448156026793282, 0.27702934724409917, -0.24807091330033487, 0.31997376689745327, 0.2868220118819554, -0.7022126854863321, -0.6899952245528956, 1.9939934601621727, -0.010946734381929479, 0.22601267751976156, -0.19982689487087055, 0.2525731558311801, 0.22073736350666823, -0.6457995358453815, -0.6316977429430519, 2.0142967490343424, -0.028775473774359128, 0.1800530999301775, -0.15674789297476452, 0.19107923266104493, 0.16070759224921838, -0.5840789275647029, -0.5688976821986143, 2.0302639740107713, -0.04255629353073184, 0.13929139960430045, -0.11886850215003263, 0.13587466169439175, 0.10704257053054246, -0.5200124917766407, -0.5044027521697736, 2.042412894445836, -0.05280298209528844, 0.10368700910224302, -0.08606526913874589, 0.0870751187488326, 0.05979982348477737, -0.4559783671434831, -0.4404521887423295, 2.0512501839135893, -0.06001097570938794, 0.0730587802574258, -0.05809460314119063, 0.04458446680418918, 0.01883817959964015, -0.3938346717587546, -0.3787806889588753, 2.057259154618966, -0.06464698786386555, 0.04712063385408456, -0.03462563994660124, 0.008143579579608554, -0.016134951243713534, -0.3349830727424354, -0.3206819279080502, 2.0608907992802954, -0.06714168462703124, 0.025512259375879368, -0.0152682953152323, -0.02262710303301531, -0.045522542979346416, -0.2804305795196275, -0.26706990680559883, 2.0625576694104435, -0.06788494096598537, 0.007825143229884481, 0.00040316853736598876, -0.048191039191887705, -0.06980287948228851, -0.23084814366723796, -0.2185368232551374, 2.0626301405342957, -0.06722324858110311, -0.006375720750571588, 0.01283067916125006, -0.06906469855825971, -0.08950004740590886, -0.18662504366930013, -0.1754065352198519, 2.0614346527247642, -0.0654588860267617, -0.017534035438256386, 0.022456571926324744, -0.0857918692429509, -0.10515952482382447, -0.1479183700331754, -0.13778301314153765, 2.059253556521665, -0.06285050483407977, -0.026087888622366707, 0.029711051927859857, -0.09892264820004847, -0.11732834769253098, -0.11469720911688007, -0.10559344423599222, 2.056326237831902, -0.0596148292105834, -0.03245848517192457, 0.03500246054243633, -0.10899657653207241, -0.12653931361506449, -0.08678135753107746, -0.07862587421824993, 2.0528512391792035, -0.055929210240343114, -0.03704148788140514, 0.038709918862587296, -0.11652937382582557, -0.13329867981879728, -0.06387458835078165, -0.056561449860015656, 2.0489891373871902, -0.0519348172218234, -0.04020054795850845, 0.04117794150789909, -0.12200273529424173, -0.13807682562526855, -0.045592641023614, -0.0390014662729443, 2.0448659784338257, -0.047740287994526724, -0.04226263110866785, 0.04271264303802644, -0.12585667855535929, -0.14130137548920674, -0.03148622420406189, -0.02548953100917742, 2.0405771080417163, -0.04342569617255133, -0.04351477673357496, 0.04357919340139913, -0.12848396026651354, -0.14335231394666106, -0.02105941002358648, -0.015529238143000815, 2.0361912710006385, -0.03904672565541491, -0.04420196408817577, 0.044000216941198114, -0.13022612399197098, -0.14455866606905127, -0.013783864489357912, -0.008597804307551435, 2.0317548828517284, -0.03463897129890224, -0.04452579889025417, 0.044154870188900894, -0.13137078753538184, -0.1451963642684869, -0.009109406381888256, -0.004156159683491452, 2.027296404120646, -0.030222308986869326, -0.04464377573165665, 0.044178376051604504, -0.13214982887165444, -0.14548697296258245, -0.006471420345829606, -0.001656014200266095, 2.022830769590582, -0.02580529841663039, -0.04466891486985248, 0.04416183535304759, -0.1327381835139648, -0.14559699548519206, -0.00529567250188375, -0.000544436253221606, 2.0183638430472945, -0.021389597621347293, -0.044669615996025355, 0.04415218055253894, -0.13325302173858514, -0.145637541851917, -0.005001091991274667, -0.00026649108195636346]]