Method Plan:
[-18.5524, 70.3003, 1.8451, 1.39]
[-17.6842, 70.7889, 1.9291, 1.1921]
[-14.7747, 69.686, 3.4434, 4.1184]
[-12.6675, 81.8565, 3.3605, 4.6446]
--------------------------------
[-18.4595, 70.8085, 2.242, 1.176]
[-17.4845, 71.2908, 2.1765, 1.1856]
[-15.3144, 68.8871, 4.0034, 3.7968]
[-12.7312, 80.9177, 3.9205, 4.5947]
--------------------------------
[-18.218, 71.388, 2.4188, 1.0653]
[-17.2555, 71.8555, 2.2513, 1.1834]
[-16.2032, 68.204, 4.487, 3.7791]
[-12.8601, 79.8276, 4.4805, 4.5926]
--------------------------------
[-17.89, 71.9805, 2.4527, 1.0346]
[-17.0173, 72.4392, 2.2207, 1.1826]
[-17.2128, 67.4563, 4.5089, 3.9896]
[-13.01, 78.582, 5.0405, 4.5925]
--------------------------------
[-17.5392, 72.5709, 2.4071, 1.0244]
[-16.782, 73.0147, 2.1379, 1.1823]
[-18.0479, 66.5094, 4.2623, 4.1938]
[-13.1787, 77.1808, 5.6005, 4.5925]
--------------------------------
[-17.189, 73.1468, 2.3308, 1.0199]
[-16.5552, 73.5687, 2.0429, 1.1821]
[-18.6394, 65.4729, 3.8903, 4.2695]
[-13.3662, 75.6239, 6.0975, 4.5925]
--------------------------------
[-16.8474, 73.7028, 2.2578, 1.0173]
[-16.3384, 74.098, 1.9622, 1.182]
[-19.1063, 64.4888, 3.4956, 4.2274]
[-13.5703, 73.9289, 6.3175, 4.5925]
--------------------------------
[-16.515, 74.2406, 2.2078, 1.0158]
[-16.1301, 74.6065, 1.9103, 1.1819]
[-19.5626, 63.6229, 3.138, 3.8219]
[-13.7818, 72.1727, 6.3883, 4.5925]
--------------------------------
[-16.1893, 74.766, 2.1866, 1.0153]
[-15.9273, 75.1014, 1.889, 1.1819]
[-20.2456, 63.0701, 2.8941, 3.458]
[-13.9957, 70.3968, 6.3988, 4.5925]
--------------------------------
[-15.8664, 75.2862, 2.1866, 1.0153]
[-15.7268, 75.5908, 1.889, 1.1819]
[-21.0157, 62.818, 2.8941, 3.458]
[-14.2099, 68.618, 6.3988, 4.5925]
--------------------------------

Baseline Plan:
[-18.5524, 70.3003, 1.8451, 1.39]
[-17.6842, 70.7889, 1.9296, 1.1921]
[-14.7747, 69.686, 3.4434, 4.1184]
[-12.6675, 81.8565, 3.3605, 4.6446]
--------------------------------
[-18.4595, 70.8085, 2.2423, 1.176]
[-17.4844, 71.2909, 2.177, 1.1856]
[-15.3144, 68.8871, 4.0034, 3.7968]
[-12.7312, 80.9177, 3.9205, 4.5947]
--------------------------------
[-18.218, 71.3881, 2.4191, 1.0652]
[-17.2554, 71.8558, 2.2515, 1.1834]
[-16.2032, 68.204, 4.4872, 3.7791]
[-12.8601, 79.8276, 4.4805, 4.5926]
--------------------------------
[-17.8899, 71.9807, 2.4527, 1.0346]
[-17.0172, 72.4395, 2.2205, 1.1826]
[-17.2128, 67.4562, 4.509, 3.9896]
[-13.01, 78.582, 5.0405, 4.5925]
--------------------------------
[-17.5391, 72.5711, 2.4068, 1.0244]
[-16.7819, 73.0149, 2.1375, 1.1823]
[-18.0479, 66.5094, 4.2622, 4.1938]
[-13.1787, 77.1808, 5.6005, 4.5925]
--------------------------------
[-17.1889, 73.1469, 2.3304, 1.0199]
[-16.5551, 73.5688, 2.0422, 1.1821]
[-18.6394, 65.4728, 3.8901, 4.2695]
[-13.3662, 75.6239, 6.0978, 4.5925]
--------------------------------
[-16.8473, 73.7028, 2.2573, 1.0173]
[-16.3384, 74.098, 1.9615, 1.182]
[-19.1062, 64.4887, 3.4954, 4.2273]
[-13.5704, 73.9288, 6.318, 4.5925]
--------------------------------
[-16.5151, 74.2405, 2.2072, 1.0158]
[-16.1302, 74.6062, 1.9095, 1.1819]
[-19.5626, 63.6229, 3.1379, 3.8219]
[-13.7819, 72.1724, 6.3887, 4.5925]
--------------------------------
[-16.1895, 74.7658, 2.1861, 1.0154]
[-15.9275, 75.101, 1.8883, 1.1819]
[-20.2456, 63.0702, 2.894, 3.458]
[-13.9957, 70.3964, 6.3992, 4.5925]
--------------------------------
[-15.8667, 75.2858, 2.1861, 1.0154]
[-15.727, 75.5902, 1.8883, 1.1819]
[-21.0157, 62.8181, 2.894, 3.458]
[-14.21, 68.6175, 6.3992, 4.5925]
--------------------------------
