Method Goal Errors:
Trial 1: [0.5057, 0.4883, 0.4582, 0.5703, 0.0103, 0.0313, 0.032, 0.0119, 0.0144]
Trial 2: [0.5009, 0.4722, 0.5863, 0.486, 0.4688, 0.4645, 0.019, 0.0175, 0.4383]
Trial 3: [0.5317, 0.4858, 0.1163, 0.554, 0.4445, 0.4439, 0.0229, 0.4435, 0.444]
Trial 4: [0.5029, 0.019, 0.4684, 0.0091, 0.4699, 0.4669, 0.461, 0.4043, 0.4214]
Trial 5: [0.5192, 0.4918, 0.0135, 0.4723, 0.0817, 0.0233, 0.4313, 0.0145, 0.4543]
Trial 6: [0.5337, 0.4858, 4.6778, 0.0212, 0.4754, 0.4684, 0.4584, 0.4456, 0.4335]
Trial 7: [0.5142, 0.4798, 0.4504, 0.0099, 0.0612, 0.4608, 0.4293, 0.0129, 0.4322]
Trial 8: [0.5338, 0.4799, 0.5067, 0.4727, 0.6134, 0.46, 0.4485, 0.018, 0.0127]
Trial 9: [0.5271, 0.5014, 0.4828, 0.4791, 0.4483, 0.4668, 0.4322, 0.0738, 0.4317]
Trial 10: [0.1087, 0.4798, 0.7931, 0.0293, 0.4616, 0.458, 0.0117, 0.0217, 0.0173]
Trial 11: [0.5337, 0.4857, 0.4923, 0.0846, 0.4498, 0.5148, 0.018, 0.4404, 0.0198]
Trial 12: [0.5249, 0.0873, 0.4854, 0.4725, 0.4791, 0.43, 0.4268, 0.0112, 3.5742]
Trial 13: [0.5038, 0.4858, 0.0132, 0.4729, 0.4468, 0.4383, 0.0288, 0.4614, 0.0163]
Trial 14: [0.4841, 0.5218, 0.5245, 0.04, 0.4535, 0.4644, 0.4235, 0.0124, 0.4247]
Trial 15: [1.8749, 0.5217, 0.4779, 0.4642, 0.4534, 0.019, 0.0199, 0.02, 0.4277]
Trial 16: [0.5336, 0.4798, 0.0176, 0.0271, 0.4445, 0.4446, 0.4315, 0.075, 0.017]
Trial 17: [0.4918, 0.4824, 0.449, 0.7602, 0.4391, 0.0148, 0.4581, 0.4433, 0.3336]
Trial 18: [0.5011, 0.0282, 0.0255, 0.6476, 0.462, 0.459, 0.013, 0.4579, 0.4385]
Trial 19: [0.537, 0.4799, 0.4855, 0.0292, 0.4512, 0.4675, 0.4601, 0.4361, 0.071]
Trial 20: [0.5631, 0.4668, 0.0108, 0.0323, 0.6062, 0.4605, 0.1183, 0.0136, 0.0197]
Trial 21: [0.4999, 0.4977, 0.0287, 0.4542, 0.4706, 0.4584, 0.462, 0.0131, 0.0198]
Trial 22: [0.5216, 0.4858, 0.0105, 0.0242, 0.4446, 0.0131, 0.4326, 0.011, 0.43]
Trial 23: [0.5337, 0.1353, 0.4846, 0.468, 0.0817, 0.4424, 0.4267, 0.0201, 0.4097]
Trial 24: [0.4768, 0.4799, 0.4695, 0.0206, 0.4444, 0.4292, 0.4225, 0.0201, 0.4307]
Trial 25: [1.6308, 0.4847, 0.4855, 0.0161, 0.458, 0.1069, 0.4225, 0.457, 0.0092]
Trial 26: [0.5153, 0.4857, 0.0109, 0.4766, 0.0113, 0.4554, 0.4323, 0.4196, 0.4308]
Trial 27: [0.5236, 0.4858, 0.5009, 0.0112, 0.4483, 0.4393, 0.4675, 0.026, 0.1031]
Trial 28: [0.6753, 0.4884, 0.5015, 0.4767, 0.4942, 0.4666, 0.0182, 0.0218, 0.0097]
Trial 29: [0.0155, 0.035, 0.1215, 0.4766, 0.4445, 0.465, 0.4702, 0.4429, 0.0323]
Trial 30: [0.4865, 0.4798, 0.4784, 0.5143, 0.4546, 0.4441, 0.011, 0.0202, 0.0225]
Trial 31: [0.5284, 0.4987, 0.0119, 0.0829, 0.4792, 0.0152, 0.4461, 0.0071, 0.4375]
Trial 32: [0.5337, 0.4858, 0.0836, 0.014, 0.4542, 0.4519, 0.462, 0.0151, 0.0744]
Trial 33: [0.521, 0.1111, 0.0127, 0.5434, 0.4444, 0.431, 0.08, 0.0104, 0.4266]
Trial 34: [0.497, 0.0263, 0.0705, 0.3718, 0.4837, 0.0254, 0.4173, 0.0851, 0.0125]
Trial 35: [0.5095, 0.4798, 0.0928, 0.0402, 0.4482, 0.4713, 0.4173, 0.0231, 0.4335]
Trial 36: [0.5337, 0.4857, 0.4834, 0.4773, 0.4488, 0.4608, 0.453, 0.0168, 0.4342]
Trial 37: [0.5337, 0.4858, 0.4854, 0.4601, 0.4543, 0.4322, 0.0187, 0.0192, 0.4695]
Trial 38: [0.5338, 0.5218, 0.4855, 0.4628, 0.0158, 0.055, 0.4591, 0.4272, 0.4235]
Trial 39: [0.5338, 0.028, 0.022, 0.0324, 0.4791, 0.0345, 0.0201, 0.4377, 0.4447]
Trial 40: [0.4968, 0.4339, 0.5369, 0.5171, 0.4444, 0.0374, 0.4696, 0.4415, 0.4522]
Trial 41: [0.5337, 0.5473, 0.0186, 0.456, 0.4446, 0.0114, 0.0198, 0.4432, 0.0085]
Trial 42: [0.4971, 0.4883, 1.6306, 0.0351, 0.4445, 0.4695, 0.0142, 0.4229, 0.0079]
Trial 43: [0.4971, 0.4707, 0.489, 0.0104, 0.0106, 0.0794, 0.02, 0.4488, 0.4246]
Trial 44: [0.5338, 0.4799, 0.4872, 0.0126, 0.4602, 0.0708, 0.4491, 0.0852, 0.4309]
Trial 45: [0.1667, 0.5217, 0.4743, 0.4514, 0.4445, 0.0605, 0.4295, 0.017, 0.454]
Trial 46: [0.4984, 0.5137, 0.0127, 0.4671, 0.4542, 0.0092, 0.0974, 0.4144, 0.0089]
Trial 47: [0.5337, 0.4798, 0.526, 0.4596, 0.4534, 0.4635, 0.0193, 0.0213, 0.4251]
Trial 48: [0.5372, 0.6291, 0.0227, 0.4509, 0.4498, 0.0853, 0.0152, 0.0295, 0.4407]
Trial 49: [0.4924, 0.0239, 0.036, 0.0129, 0.083, 0.4603, 0.4594, 0.019, 0.4263]
Trial 50: [0.5337, 0.4798, 0.4841, 0.008, 0.4483, 0.0179, 0.4259, 0.0201, 0.4423]

Baseline Goal Errors:
Trial 1: [5.1221, 1.053, 0.0988, 0.0373, 0.0254, 0.0244, 0.0147, 1.037, 0.0141]
Trial 2: [1.2538, 1.2563, 1.0489, 0.0815, 0.0813, 0.9679, 1.0298, 0.0273, 0.1492]
Trial 3: [1.2961, 1.0278, 1.0375, 0.0229, 0.0128, 0.0096, 0.9876, 1.0002, 0.9603]
Trial 4: [1.1608, 1.0441, 0.0638, 0.0101, 0.0466, 1.0195, 0.9761, 0.0207, 0.9385]
Trial 5: [1.1808, 1.0894, 1.0374, 1.0187, 0.0191, 0.0198, 1.1408, 0.0113, 0.9546]
Trial 6: [0.0206, 1.0492, 1.052, 1.8836, 0.0575, 1.0341, 0.9735, 0.9834, 0.9728]
Trial 7: [1.2065, 1.0885, 0.0118, 0.0114, 1.0168, 0.9603, 1.102, 0.991, 0.9853]
Trial 8: [1.2259, 1.0746, 0.0627, 1.4863, 0.014, 0.0229, 0.9878, 0.017, 0.9661]
Trial 9: [0.0085, 1.1537, 0.009, 1.0146, 0.0169, 0.1054, 0.0115, 0.9554, 0.0125]
Trial 10: [1.1808, 0.0212, 1.0204, 1.0527, 0.9793, 0.9638, 0.9969, 0.0196, 1.0001]
Trial 11: [0.0616, 1.0641, 1.0193, 0.0178, 0.0167, 0.9691, 0.0122, 0.0329, 2.1299]
Trial 12: [1.1661, 0.0246, 0.9954, 1.1092, 1.0005, 0.9983, 1.1281, 1.0218, 0.0282]
Trial 13: [1.2253, 1.108, 0.0209, 1.0577, 0.967, 0.9824, 0.0123, 0.0691, 0.9859]
Trial 14: [1.1809, 1.2672, 1.0404, 1.0839, 0.1082, 0.9957, 1.0307, 0.0193, 2.0158]
Trial 15: [1.2122, 1.0474, 1.03, 1.0385, 0.9837, 0.0184, 0.9756, 0.0095, 0.999]
Trial 16: [1.3817, 1.0116, 1.0374, 1.042, 0.0547, 1.0148, 1.2, 0.0109, 0.0742]
Trial 17: [1.1806, 0.0304, 1.0443, 1.0862, 0.015, 0.0752, 0.9855, 0.9806, 0.0193]
Trial 18: [1.1805, 1.1114, 0.1082, 1.0394, 1.0222, 0.9814, 0.012, 0.0146, 0.01]
Trial 19: [1.1797, 0.0233, 1.0454, 1.0194, 0.0076, 2.6515, 0.0131, 0.9809, 1.0273]
Trial 20: [4.7299, 1.0645, 4.2851, 0.0124, 3.0604, 0.9888, 1.0503, 0.0198, 0.9724]
Trial 21: [1.1264, 1.1103, 1.0458, 1.0291, 0.012, 0.9762, 1.1208, 0.0714, 0.0174]
Trial 22: [0.011, 1.0744, 0.0974, 0.01, 0.0097, 0.0235, 0.0285, 1.0004, 0.9971]
Trial 23: [1.1804, 1.0907, 0.0224, 1.0236, 0.9998, 0.9788, 0.0193, 0.0108, 0.9744]
Trial 24: [0.0898, 1.0249, 0.0109, 1.4854, 0.0165, 0.9692, 0.9906, 0.9926, 0.989]
Trial 25: [1.1826, 1.0285, 1.007, 1.0472, 0.0126, 0.9864, 1.0834, 0.9737, 0.9393]
Trial 26: [1.2623, 1.1085, 1.0453, 0.0327, 0.0281, 0.98, 0.0163, 0.0112, 0.9662]
Trial 27: [1.1507, 1.1482, 1.122, 1.0199, 0.0153, 0.053, 0.9923, 1.0303, 0.9801]
Trial 28: [0.0083, 1.0557, 0.082, 0.0124, 1.0454, 1.0067, 0.0116, 0.0114, 0.9667]
Trial 29: [1.1806, 0.0343, 1.0374, 1.0212, 0.0105, 0.8436, 1.0106, 1.0207, 1.2973]
Trial 30: [1.1652, 1.17, 1.1156, 1.055, 0.0136, 0.9807, 0.0102, 1.0031, 1.0175]
Trial 31: [1.1384, 1.1298, 1.048, 1.0337, 0.0169, 0.9588, 0.9439, 0.0198, 0.0325]
Trial 32: [1.1806, 0.0469, 0.0828, 1.086, 0.0258, 0.0877, 0.0238, 0.0102, 1.0541]
Trial 33: [0.1261, 0.1086, 1.0456, 1.021, 0.0581, 0.9858, 0.0116, 1.0071, 0.9706]
Trial 34: [1.1927, 1.0569, 1.0162, 0.0101, 1.004, 0.9971, 1.008, 0.0105, 0.01]
Trial 35: [0.0829, 1.0468, 1.0196, 0.9882, 0.0775, 0.9885, 2.475, 0.0331, 0.9421]
Trial 36: [1.1559, 1.1354, 1.0374, 1.0443, 1.0049, 1.0, 1.134, 0.0166, 0.9664]
Trial 37: [0.0687, 1.1599, 0.0227, 0.0331, 0.0104, 0.0173, 1.0622, 0.9753, 1.0184]
Trial 38: [1.1808, 0.0201, 1.0533, 1.0212, 0.0208, 0.8706, 1.0249, 0.9986, 0.9676]
Trial 39: [1.1703, 0.107, 0.0605, 1.0215, 0.1165, 0.983, 0.0116, 0.0221, 1.0466]
Trial 40: [0.0654, 4.1215, 0.9693, 0.1565, 0.0155, 0.0342, 1.0164, 0.018, 0.9963]
Trial 41: [1.1806, 1.0752, 0.0884, 0.9886, 0.0133, 0.017, 0.0099, 0.0198, 1.0729]
Trial 42: [1.1642, 1.1085, 1.0189, 1.0881, 1.05, 0.979, 1.1098, 0.8445, 1.0157]
Trial 43: [1.1808, 3.9838, 1.0562, 0.0335, 0.0132, 0.9818, 1.1587, 0.0191, 2.0653]
Trial 44: [1.1809, 0.014, 1.0427, 1.0524, 0.0143, 1.0655, 0.0616, 1.016, 0.979]
Trial 45: [1.1807, 1.2473, 1.0986, 0.023, 0.1075, 0.9798, 0.0218, 1.0148, 0.1403]
Trial 46: [1.2687, 1.0445, 0.9773, 0.9842, 0.9963, 0.0144, 1.0532, 0.0097, 0.1313]
Trial 47: [1.0935, 1.1391, 0.1078, 0.0311, 1.0326, 0.9796, 1.0174, 0.0727, 1.0631]
Trial 48: [0.1108, 4.0987, 1.0431, 1.0411, 0.0816, 0.079, 0.9996, 1.0041, 0.9772]
Trial 49: [1.1805, 1.1085, 0.0138, 1.02, 0.0177, 0.0223, 0.0244, 0.1019, 1.0111]
Trial 50: [0.0317, 1.1057, 0.9976, 0.9859, 0.9933, 0.9877, 1.0854, 0.9547, 0.9777]

Method Player Errors:
Trial 1:
  Player 1: [0.2594, 0.26, 0.2564, 0.2754, 0.0082, 0.0128, 0.0127, 0.0089, 0.0119]
  Player 2: [0.2551, 0.2501, 0.2441, 0.251, 0.006, 0.0096, 0.0128, 0.0078, 0.008]
  Player 3: [0.1724, 0.1454, 0.1247, 0.335, 0.0005, 0.0, 0.0, 0.0004, 0.0]
  Player 4: [0.306, 0.2952, 0.2627, 0.2723, 0.0016, 0.0269, 0.0263, 0.0008, 0.0]
Trial 2:
  Player 1: [0.2567, 0.2675, 0.2589, 0.2798, 0.2582, 0.26, 0.0146, 0.0154, 0.2922]
  Player 2: [0.2532, 0.2509, 0.2567, 0.2436, 0.2342, 0.2286, 0.0122, 0.0081, 0.2193]
  Player 3: [0.1826, 0.0393, 0.3607, 0.1607, 0.1729, 0.1879, 0.0, 0.0, 0.1211]
  Player 4: [0.296, 0.2948, 0.2841, 0.2697, 0.2614, 0.2463, 0.0003, 0.0016, 0.2097]
Trial 3:
  Player 1: [0.2626, 0.2601, 0.0617, 0.2797, 0.2584, 0.2608, 0.0186, 0.2768, 0.1779]
  Player 2: [0.2489, 0.2502, 0.0672, 0.251, 0.2342, 0.2286, 0.0134, 0.2225, 0.4005]
  Player 3: [0.2419, 0.1365, 0.0667, 0.3222, 0.0874, 0.1015, 0.0, 0.1089, 0.0613]
  Player 4: [0.3054, 0.2951, 0.0274, 0.2488, 0.2614, 0.2579, 0.0002, 0.2423, 0.0365]
Trial 4:
  Player 1: [0.2597, 0.0135, 0.2582, 0.0042, 0.2583, 0.2604, 0.2639, 0.2776, 0.2987]
  Player 2: [0.255, 0.0126, 0.2454, 0.008, 0.2341, 0.2284, 0.2255, 0.2191, 0.2171]
  Player 3: [0.2014, 0.0, 0.1173, 0.0005, 0.1764, 0.1857, 0.1723, 0.1198, 0.0169]
  Player 4: [0.2826, 0.0042, 0.2807, 0.0008, 0.2612, 0.2522, 0.2497, 0.1552, 0.2024]
Trial 5:
  Player 1: [0.2588, 0.2376, 0.008, 0.2569, 0.0551, 0.0183, 0.2657, 0.0126, 0.313]
  Player 2: [0.2553, 0.2503, 0.0108, 0.2406, 0.054, 0.0138, 0.2237, 0.0072, 0.2355]
  Player 3: [0.21, 0.2095, 0.0, 0.1584, 0.0003, 0.0001, 0.0832, 0.0, 0.0913]
  Player 4: [0.3055, 0.2809, 0.0001, 0.2721, 0.0271, 0.0041, 0.2419, 0.0001, 0.2112]
Trial 6:
  Player 1: [0.2594, 0.26, 0.257, 0.0049, 0.2586, 0.2604, 0.2682, 0.2985, 0.2916]
  Player 2: [0.255, 0.2502, 4.6662, 0.0202, 0.2356, 0.2285, 0.2255, 0.2381, 0.2146]
  Player 3: [0.2425, 0.1363, 0.1129, 0.0, 0.1887, 0.1853, 0.1718, 0.0258, 0.044]
  Player 4: [0.3061, 0.2953, 0.1727, 0.0041, 0.2608, 0.255, 0.2405, 0.2282, 0.2343]
Trial 7:
  Player 1: [0.2594, 0.26, 0.243, 0.0057, 0.0128, 0.2604, 0.2658, 0.0098, 0.2953]
  Player 2: [0.2551, 0.2502, 0.2176, 0.0079, 0.0534, 0.2286, 0.2237, 0.0084, 0.2234]
  Player 3: [0.2166, 0.1136, 0.1661, 0.0013, 0.0007, 0.1857, 0.0776, 0.0004, 0.041]
  Player 4: [0.2917, 0.2951, 0.2625, 0.0016, 0.027, 0.2404, 0.24, 0.0007, 0.2191]
Trial 8:
  Player 1: [0.2594, 0.2601, 0.259, 0.2568, 0.2602, 0.2604, 0.2653, 0.0169, 0.0098]
  Player 2: [0.2551, 0.2503, 0.245, 0.2408, 0.239, 0.2286, 0.2235, 0.0062, 0.0079]
  Player 3: [0.2425, 0.1137, 0.2138, 0.1592, 0.429, 0.1857, 0.1477, 0.0, 0.0009]
  Player 4: [0.3061, 0.2951, 0.2898, 0.2722, 0.2597, 0.2387, 0.2429, 0.0003, 0.0008]
Trial 9:
  Player 1: [0.2595, 0.2601, 0.2574, 0.2568, 0.2583, 0.2604, 0.266, 0.0506, 0.2916]
  Player 2: [0.255, 0.2501, 0.2417, 0.2407, 0.2343, 0.2285, 0.2237, 0.0471, 0.2149]
  Player 3: [0.2274, 0.1842, 0.1558, 0.1777, 0.1054, 0.1858, 0.1103, 0.0001, 0.044]
  Player 4: [0.3062, 0.2953, 0.29, 0.2721, 0.2612, 0.2517, 0.2321, 0.0259, 0.2306]
Trial 10:
  Player 1: [0.054, 0.26, 0.2535, 0.0046, 0.257, 0.2608, 0.0103, 0.017, 0.0124]
  Player 2: [0.0555, 0.2502, 0.2448, 0.0095, 0.2378, 0.2285, 0.0055, 0.0136, 0.012]
  Player 3: [0.0712, 0.1137, 0.6501, 0.0013, 0.1499, 0.1861, 0.0, 0.0, 0.0014]
  Player 4: [0.0271, 0.2951, 0.2868, 0.0273, 0.2608, 0.2343, 0.001, 0.0003, 0.0008]
Trial 11:
  Player 1: [0.2595, 0.2601, 0.2545, 0.0553, 0.2583, 0.2588, 0.0145, 0.2765, 0.0164]
  Player 2: [0.2551, 0.2501, 0.2363, 0.0572, 0.2342, 0.2141, 0.0098, 0.2231, 0.011]
  Player 3: [0.2424, 0.1364, 0.2024, 0.0104, 0.1119, 0.3019, 0.0, 0.1489, 0.0]
  Player 4: [0.3061, 0.2952, 0.2842, 0.0267, 0.2612, 0.247, 0.0042, 0.2135, 0.0003]
Trial 12:
  Player 1: [0.2594, 0.0535, 0.2565, 0.2569, 0.2583, 0.2604, 0.2662, 0.0083, 3.5633]
  Player 2: [0.2551, 0.0574, 0.2459, 0.2406, 0.2342, 0.2286, 0.2196, 0.0074, 0.1822]
  Player 3: [0.2225, 0.027, 0.1697, 0.1593, 0.1998, 0.0291, 0.1173, 0.0004, 0.1527]
  Player 4: [0.306, 0.0273, 0.2837, 0.2721, 0.261, 0.253, 0.2221, 0.0008, 0.1456]
Trial 13:
  Player 1: [0.2594, 0.26, 0.0056, 0.2598, 0.2583, 0.2582, 0.0083, 0.2987, 0.0137]
  Player 2: [0.2551, 0.2503, 0.0118, 0.237, 0.2342, 0.2309, 0.0074, 0.2379, 0.0089]
  Player 3: [0.1669, 0.1363, 0.0008, 0.1604, 0.0992, 0.0907, 0.0009, 0.1077, 0.0]
  Player 4: [0.3059, 0.2953, 0.0013, 0.2725, 0.2611, 0.2527, 0.0265, 0.2355, 0.0003]
Trial 14:
  Player 1: [0.2303, 0.2601, 0.2831, 0.0279, 0.2583, 0.2604, 0.2646, 0.0091, 0.2914]
  Player 2: [0.2309, 0.2503, 0.2577, 0.0286, 0.2343, 0.2285, 0.2254, 0.0074, 0.2152]
  Player 3: [0.1955, 0.2344, 0.2188, 0.0, 0.1266, 0.1858, 0.0254, 0.0001, 0.0433]
  Player 4: [0.2996, 0.2951, 0.2841, 0.0002, 0.2608, 0.2473, 0.2406, 0.0042, 0.2174]
Trial 15:
  Player 1: [0.2666, 0.26, 0.2555, 0.2606, 0.2582, 0.013, 0.0153, 0.0161, 0.2916]
  Player 2: [1.829, 0.2501, 0.242, 0.2424, 0.2341, 0.0138, 0.0128, 0.0119, 0.2148]
  Player 3: [0.0954, 0.2344, 0.156, 0.1602, 0.1265, 0.0, 0.0, 0.0, 0.0433]
  Player 4: [0.3002, 0.2951, 0.2833, 0.2514, 0.2609, 0.0011, 0.0003, 0.0003, 0.2234]
Trial 16:
  Player 1: [0.2594, 0.2601, 0.0139, 0.0181, 0.2583, 0.2747, 0.2658, 0.0518, 0.0164]
  Player 2: [0.255, 0.2501, 0.0108, 0.0202, 0.2342, 0.2356, 0.2236, 0.0476, 0.0046]
  Player 3: [0.2425, 0.1136, 0.0, 0.0, 0.0874, 0.1047, 0.0849, 0.0, 0.0]
  Player 4: [0.306, 0.2951, 0.0004, 0.0002, 0.2614, 0.2359, 0.2415, 0.0258, 0.0]
Trial 17:
  Player 1: [0.26, 0.2601, 0.243, 0.2567, 0.2576, 0.0118, 0.2781, 0.2819, 0.2301]
  Player 2: [0.2547, 0.25, 0.2179, 0.2417, 0.2374, 0.0089, 0.2417, 0.2285, 0.1564]
  Player 3: [0.1261, 0.1246, 0.1239, 0.6153, 0.0371, 0.0, 0.1297, 0.0305, 0.1258]
  Player 4: [0.3058, 0.2951, 0.2823, 0.274, 0.2623, 0.0005, 0.2393, 0.2528, 0.1343]
Trial 18:
  Player 1: [0.2539, 0.0188, 0.0187, 0.2463, 0.2613, 0.2606, 0.0089, 0.3125, 0.2902]
  Player 2: [0.2496, 0.021, 0.0168, 0.2281, 0.2403, 0.2284, 0.0086, 0.2193, 0.2206]
  Player 3: [0.1979, 0.001, 0.0, 0.4826, 0.1396, 0.1861, 0.0001, 0.0755, 0.1422]
  Player 4: [0.2918, 0.0004, 0.0041, 0.2716, 0.2606, 0.2366, 0.0042, 0.2414, 0.198]
Trial 19:
  Player 1: [0.2595, 0.2601, 0.2566, 0.004, 0.2625, 0.2604, 0.2686, 0.2831, 0.0474]
  Player 2: [0.2551, 0.2503, 0.246, 0.0093, 0.2388, 0.2286, 0.2224, 0.2261, 0.0461]
  Player 3: [0.2494, 0.1137, 0.1697, 0.0017, 0.0867, 0.1858, 0.1733, 0.0612, 0.0005]
  Player 4: [0.3061, 0.2951, 0.2837, 0.0274, 0.2649, 0.2529, 0.2451, 0.2349, 0.0258]
Trial 20:
  Player 1: [0.2569, 0.2605, 0.0046, 0.0206, 0.2887, 0.2604, 0.0678, 0.0119, 0.0163]
  Player 2: [0.2578, 0.25, 0.0097, 0.0247, 0.2382, 0.2284, 0.06, 0.0064, 0.011]
  Player 3: [0.3097, 0.0355, 0.0009, 0.0, 0.3918, 0.1867, 0.0706, 0.0015, 0.0]
  Player 4: [0.2979, 0.2938, 0.001, 0.0039, 0.2719, 0.2393, 0.0286, 0.0005, 0.0003]
Trial 21:
  Player 1: [0.2595, 0.2629, 0.0209, 0.2672, 0.2609, 0.2609, 0.2685, 0.0078, 0.0164]
  Player 2: [0.255, 0.2502, 0.0197, 0.2376, 0.2355, 0.2288, 0.2332, 0.0098, 0.011]
  Player 3: [0.1543, 0.1721, 0.0, 0.1294, 0.1607, 0.1864, 0.1898, 0.0, 0.0]
  Player 4: [0.3061, 0.2939, 0.0007, 0.2484, 0.2686, 0.2344, 0.2258, 0.0041, 0.0003]
Trial 22:
  Player 1: [0.2485, 0.2601, 0.0047, 0.0068, 0.2584, 0.0089, 0.2658, 0.0081, 0.2912]
  Player 2: [0.252, 0.2502, 0.0094, 0.0232, 0.2344, 0.0083, 0.2238, 0.0074, 0.2151]
  Player 3: [0.2241, 0.1364, 0.0, 0.0, 0.0874, 0.0001, 0.0916, 0.0005, 0.0434]
  Player 4: [0.3107, 0.2953, 0.0008, 0.0009, 0.2614, 0.0046, 0.2407, 0.0008, 0.228]
Trial 23:
  Player 1: [0.2595, 0.0983, 0.2566, 0.259, 0.0551, 0.2599, 0.266, 0.0162, 0.2914]
  Player 2: [0.255, 0.0884, 0.2459, 0.2434, 0.054, 0.2284, 0.2237, 0.0119, 0.218]
  Player 3: [0.2424, 0.0082, 0.1673, 0.1465, 0.0, 0.1161, 0.0831, 0.0, 0.054]
  Player 4: [0.3061, 0.0274, 0.2837, 0.267, 0.0271, 0.2499, 0.2333, 0.0003, 0.1802]
Trial 24:
  Player 1: [0.2388, 0.2601, 0.2566, 0.0154, 0.2583, 0.2604, 0.2659, 0.0161, 0.2905]
  Player 2: [0.2319, 0.2502, 0.246, 0.013, 0.2341, 0.2284, 0.2237, 0.012, 0.2202]
  Player 3: [0.1501, 0.1136, 0.1167, 0.0, 0.0874, 0.0262, 0.0924, 0.0, 0.0654]
  Player 4: [0.3067, 0.2951, 0.2837, 0.0044, 0.2614, 0.2521, 0.2219, 0.0003, 0.2198]
Trial 25:
  Player 1: [1.6195, 0.2601, 0.2566, 0.0063, 0.2616, 0.0531, 0.2694, 0.2764, 0.0089]
  Player 2: [0.1237, 0.2502, 0.2461, 0.0148, 0.2415, 0.0548, 0.2333, 0.2193, 0.0024]
  Player 3: [0.1438, 0.1323, 0.1697, 0.0, 0.1318, 0.07, 0.0805, 0.1638, 0.0]
  Player 4: [0.0287, 0.2953, 0.2837, 0.0009, 0.2561, 0.0266, 0.2122, 0.2399, 0.0001]
Trial 26:
  Player 1: [0.2595, 0.2601, 0.0066, 0.2571, 0.0083, 0.2606, 0.2665, 0.2763, 0.2915]
  Player 2: [0.255, 0.2501, 0.0087, 0.2393, 0.0076, 0.2288, 0.2263, 0.222, 0.215]
  Player 3: [0.2237, 0.1363, 0.0, 0.16, 0.0006, 0.1724, 0.0802, 0.0795, 0.0438]
  Player 4: [0.2882, 0.2952, 0.0006, 0.2796, 0.0016, 0.2396, 0.2413, 0.2101, 0.229]
Trial 27:
  Player 1: [0.2765, 0.26, 0.2881, 0.0051, 0.2582, 0.258, 0.2713, 0.0226, 0.0521]
  Player 2: [0.2702, 0.2502, 0.2502, 0.01, 0.2345, 0.2302, 0.232, 0.0129, 0.0475]
  Player 3: [0.1954, 0.1363, 0.1642, 0.0, 0.1055, 0.0784, 0.1736, 0.0, 0.0707]
  Player 4: [0.2942, 0.2953, 0.2799, 0.0002, 0.2611, 0.2594, 0.247, 0.0008, 0.0258]
Trial 28:
  Player 1: [0.2607, 0.2601, 0.2691, 0.2571, 0.2665, 0.2604, 0.0124, 0.0146, 0.0081]
  Player 2: [0.2691, 0.2502, 0.2557, 0.2395, 0.2333, 0.2287, 0.0133, 0.0157, 0.0053]
  Player 3: [0.4712, 0.1454, 0.1808, 0.1601, 0.219, 0.1857, 0.0, 0.0, 0.0]
  Player 4: [0.3059, 0.2952, 0.2846, 0.2796, 0.2661, 0.2513, 0.0003, 0.004, 0.001]
Trial 29:
  Player 1: [0.0094, 0.0259, 0.0557, 0.2571, 0.2584, 0.26, 0.2713, 0.2763, 0.0175]
  Player 2: [0.0123, 0.0236, 0.0565, 0.2394, 0.2344, 0.2127, 0.2276, 0.2197, 0.0097]
  Player 3: [0.0013, 0.0, 0.0629, 0.1601, 0.0874, 0.189, 0.1733, 0.1231, 0.0002]
  Player 4: [0.0004, 0.0002, 0.0671, 0.2795, 0.2612, 0.2602, 0.2563, 0.2375, 0.0254]
Trial 30:
  Player 1: [0.2597, 0.26, 0.2623, 0.2794, 0.2584, 0.2602, 0.0091, 0.0162, 0.0196]
  Player 2: [0.2554, 0.2502, 0.2532, 0.2494, 0.2343, 0.2357, 0.0061, 0.012, 0.011]
  Player 3: [0.1421, 0.1137, 0.1339, 0.2147, 0.1288, 0.0944, 0.0004, 0.0, 0.0008]
  Player 4: [0.2896, 0.2951, 0.2794, 0.2796, 0.2616, 0.2551, 0.001, 0.0003, 0.0006]
Trial 31:
  Player 1: [0.2554, 0.2599, 0.0082, 0.0548, 0.2583, 0.013, 0.2692, 0.0044, 0.2936]
  Player 2: [0.2717, 0.2502, 0.0086, 0.0557, 0.2343, 0.0078, 0.2314, 0.0054, 0.2215]
  Player 3: [0.2154, 0.1771, 0.0001, 0.0049, 0.1998, 0.0006, 0.0634, 0.0, 0.0605]
  Player 4: [0.3062, 0.2953, 0.0008, 0.0273, 0.261, 0.0006, 0.2626, 0.0008, 0.2291]
Trial 32:
  Player 1: [0.2595, 0.2601, 0.0547, 0.0074, 0.2583, 0.2802, 0.2683, 0.0137, 0.052]
  Player 2: [0.255, 0.2501, 0.0571, 0.0118, 0.2343, 0.2446, 0.2249, 0.0063, 0.0466]
  Player 3: [0.2425, 0.1363, 0.0001, 0.0006, 0.129, 0.1015, 0.1717, 0.0, 0.0009]
  Player 4: [0.306, 0.2953, 0.0271, 0.001, 0.2609, 0.2358, 0.2479, 0.0001, 0.0256]
Trial 33:
  Player 1: [0.2694, 0.0557, 0.0077, 0.2764, 0.2583, 0.2604, 0.0541, 0.0093, 0.292]
  Player 2: [0.2617, 0.0581, 0.0101, 0.2484, 0.2342, 0.2195, 0.0522, 0.0045, 0.2152]
  Player 3: [0.1871, 0.0707, 0.0, 0.2889, 0.0874, 0.0559, 0.0007, 0.0001, 0.0389]
  Player 4: [0.3089, 0.0294, 0.0006, 0.2716, 0.2614, 0.2582, 0.0273, 0.0009, 0.2212]
Trial 34:
  Player 1: [0.2636, 0.024, 0.0542, 0.2565, 0.2584, 0.0164, 0.2566, 0.0295, 0.01]
  Player 2: [0.257, 0.0106, 0.0356, 0.2387, 0.2342, 0.0194, 0.2068, 0.0219, 0.0073]
  Player 3: [0.1315, 0.0, 0.0067, 0.1139, 0.2099, 0.0, 0.0818, 0.0721, 0.0008]
  Player 4: [0.3069, 0.0003, 0.0269, 0.0501, 0.2613, 0.0001, 0.2425, 0.0263, 0.0008]
Trial 35:
  Player 1: [0.2595, 0.2601, 0.0566, 0.0281, 0.2583, 0.2609, 0.2542, 0.0181, 0.2915]
  Player 2: [0.2551, 0.2502, 0.0684, 0.0287, 0.2342, 0.2284, 0.2135, 0.0144, 0.2149]
  Player 3: [0.1827, 0.1137, 0.0003, 0.0, 0.1055, 0.1861, 0.0018, 0.0, 0.0436]
  Player 4: [0.3062, 0.2951, 0.027, 0.0002, 0.2611, 0.2594, 0.0272, 0.0004, 0.2344]
Trial 36:
  Player 1: [0.2595, 0.26, 0.2598, 0.2571, 0.2592, 0.2605, 0.2655, 0.0131, 0.2915]
  Player 2: [0.255, 0.2501, 0.2402, 0.2407, 0.2338, 0.2284, 0.2236, 0.0096, 0.2152]
  Player 3: [0.2424, 0.1363, 0.1559, 0.16, 0.1071, 0.1858, 0.1761, 0.0007, 0.0526]
  Player 4: [0.3061, 0.2953, 0.2901, 0.2797, 0.2609, 0.2403, 0.2317, 0.004, 0.2334]
Trial 37:
  Player 1: [0.2594, 0.26, 0.2566, 0.2606, 0.2583, 0.2598, 0.0135, 0.0158, 0.2916]
  Player 2: [0.255, 0.2501, 0.246, 0.2425, 0.2342, 0.2381, 0.0129, 0.0109, 0.2152]
  Player 3: [0.2425, 0.1363, 0.1697, 0.1198, 0.1289, 0.0892, 0.0018, 0.0001, 0.2033]
  Player 4: [0.3061, 0.2953, 0.2838, 0.2658, 0.2611, 0.2338, 0.0004, 0.0008, 0.2187]
Trial 38:
  Player 1: [0.2595, 0.2601, 0.2566, 0.2629, 0.0112, 0.0143, 0.2657, 0.2811, 0.289]
  Player 2: [0.2551, 0.2503, 0.246, 0.2394, 0.0111, 0.051, 0.2237, 0.2221, 0.2195]
  Player 3: [0.2425, 0.2344, 0.1697, 0.0982, 0.0, 0.0, 0.1762, 0.1588, 0.015]
  Player 4: [0.3061, 0.2951, 0.2837, 0.2794, 0.0011, 0.0146, 0.2431, 0.1701, 0.2177]
Trial 39:
  Player 1: [0.2595, 0.0186, 0.0154, 0.024, 0.2582, 0.0165, 0.0154, 0.2761, 0.2949]
  Player 2: [0.2551, 0.0209, 0.0152, 0.0218, 0.2342, 0.0136, 0.0129, 0.2227, 0.2233]
  Player 3: [0.2424, 0.001, 0.0, 0.0, 0.1997, 0.0001, 0.0, 0.0795, 0.0496]
  Player 4: [0.3061, 0.0004, 0.0037, 0.0008, 0.261, 0.027, 0.0003, 0.2439, 0.2419]
Trial 40:
  Player 1: [0.2596, 0.2602, 0.2583, 0.2816, 0.2584, 0.0188, 0.2726, 0.2752, 0.2917]
  Player 2: [0.2551, 0.2502, 0.2452, 0.2539, 0.2342, 0.0142, 0.2214, 0.2227, 0.215]
  Player 3: [0.1438, 0.2345, 0.2845, 0.2123, 0.0875, 0.0001, 0.2096, 0.1031, 0.1452]
  Player 4: [0.3061, 0.0548, 0.2838, 0.2802, 0.2612, 0.029, 0.2307, 0.2428, 0.2281]
Trial 41:
  Player 1: [0.2595, 0.3025, 0.0142, 0.2593, 0.2584, 0.0063, 0.015, 0.2992, 0.0069]
  Player 2: [0.255, 0.2922, 0.0121, 0.2376, 0.2344, 0.0095, 0.0128, 0.238, 0.0048]
  Player 3: [0.2424, 0.1879, 0.0001, 0.1093, 0.0874, 0.0002, 0.0, 0.0624, 0.0]
  Player 4: [0.3061, 0.2955, 0.0009, 0.2689, 0.2614, 0.0008, 0.0003, 0.2152, 0.0009]
Trial 42:
  Player 1: [0.2595, 0.2601, 0.2581, 0.024, 0.2584, 0.2608, 0.0089, 0.2763, 0.0055]
  Player 2: [0.255, 0.25, 0.2345, 0.0253, 0.2342, 0.2344, 0.0101, 0.2222, 0.0056]
  Player 3: [0.145, 0.1454, 1.5674, 0.0001, 0.0874, 0.1868, 0.0001, 0.1052, 0.0]
  Player 4: [0.3061, 0.2952, 0.2838, 0.004, 0.2614, 0.2502, 0.0046, 0.205, 0.0002]
Trial 43:
  Player 1: [0.2595, 0.2317, 0.2566, 0.0059, 0.0071, 0.0559, 0.0154, 0.2751, 0.2914]
  Player 2: [0.2551, 0.2149, 0.2459, 0.0084, 0.0077, 0.0551, 0.0128, 0.2214, 0.2152]
  Player 3: [0.145, 0.1859, 0.1798, 0.0001, 0.0012, 0.0008, 0.0, 0.1611, 0.0811]
  Player 4: [0.3061, 0.2953, 0.2837, 0.0014, 0.0008, 0.012, 0.0003, 0.2253, 0.2059]
Trial 44:
  Player 1: [0.2595, 0.2601, 0.2599, 0.0094, 0.2572, 0.0454, 0.2658, 0.0526, 0.2923]
  Player 2: [0.2552, 0.2503, 0.2448, 0.0083, 0.2372, 0.0476, 0.2237, 0.0502, 0.215]
  Player 3: [0.2424, 0.1137, 0.1714, 0.0001, 0.1498, 0.0001, 0.1767, 0.0359, 0.0432]
  Player 4: [0.3061, 0.2951, 0.2838, 0.0008, 0.2587, 0.0263, 0.2232, 0.026, 0.2284]
Trial 45:
  Player 1: [0.1063, 0.26, 0.2566, 0.2583, 0.2584, 0.0141, 0.2659, 0.0139, 0.2949]
  Player 2: [0.1081, 0.25, 0.2458, 0.2432, 0.2342, 0.0527, 0.2237, 0.0089, 0.236]
  Player 3: [0.0025, 0.2344, 0.1348, 0.0573, 0.0874, 0.0, 0.0857, 0.0, 0.0575]
  Player 4: [0.0693, 0.2952, 0.2838, 0.2731, 0.2614, 0.0263, 0.2374, 0.0041, 0.2453]
Trial 46:
  Player 1: [0.2648, 0.276, 0.0076, 0.2608, 0.2583, 0.0069, 0.0601, 0.2766, 0.008]
  Player 2: [0.2657, 0.263, 0.0101, 0.242, 0.2345, 0.0058, 0.0617, 0.2193, 0.0039]
  Player 3: [0.1201, 0.1769, 0.0, 0.1381, 0.1284, 0.0005, 0.0372, 0.0603, 0.0]
  Player 4: [0.3053, 0.2954, 0.0006, 0.2693, 0.2611, 0.0016, 0.0261, 0.2085, 0.001]
Trial 47:
  Player 1: [0.2594, 0.26, 0.2784, 0.2611, 0.2582, 0.2832, 0.0153, 0.0168, 0.2919]
  Player 2: [0.2551, 0.2502, 0.2455, 0.2423, 0.2342, 0.2442, 0.0117, 0.0131, 0.2153]
  Player 3: [0.2424, 0.1136, 0.2333, 0.1114, 0.1265, 0.1025, 0.0, 0.0, 0.0346]
  Player 4: [0.3061, 0.2951, 0.2906, 0.2682, 0.2608, 0.2539, 0.0003, 0.0003, 0.2189]
Trial 48:
  Player 1: [0.2645, 0.2605, 0.0156, 0.2472, 0.2584, 0.0204, 0.014, 0.0106, 0.2955]
  Player 2: [0.2507, 0.2501, 0.016, 0.2071, 0.2341, 0.0518, 0.006, 0.0092, 0.2246]
  Player 3: [0.2016, 0.423, 0.0001, 0.1486, 0.112, 0.0001, 0.0, 0.0004, 0.0677]
  Player 4: [0.3393, 0.2939, 0.0042, 0.2779, 0.2612, 0.0646, 0.0003, 0.0259, 0.2278]
Trial 49:
  Player 1: [0.2593, 0.0059, 0.0268, 0.0068, 0.056, 0.2604, 0.2689, 0.0139, 0.2928]
  Player 2: [0.2156, 0.0231, 0.024, 0.0108, 0.0548, 0.2285, 0.2276, 0.013, 0.2203]
  Player 3: [0.1865, 0.0001, 0.0001, 0.0005, 0.0035, 0.1861, 0.1714, 0.0001, 0.0914]
  Player 4: [0.3066, 0.0003, 0.0009, 0.0016, 0.0271, 0.2391, 0.2399, 0.0003, 0.1977]
Trial 50:
  Player 1: [0.2594, 0.26, 0.2599, 0.0042, 0.2583, 0.0141, 0.277, 0.0161, 0.2921]
  Player 2: [0.2551, 0.2501, 0.2416, 0.0067, 0.2343, 0.01, 0.2337, 0.0119, 0.22]
  Player 3: [0.2425, 0.1136, 0.1559, 0.0006, 0.1055, 0.0002, 0.0801, 0.0, 0.0995]
  Player 4: [0.3061, 0.2951, 0.2901, 0.0008, 0.2612, 0.0046, 0.2089, 0.0003, 0.2281]

Baseline Player Errors:
Trial 1:
  Player 1: [0.5979, 0.5817, 0.0262, 0.026, 0.0148, 0.0193, 0.0112, 0.5908, 0.0117]
  Player 2: [0.5775, 0.5688, 0.0914, 0.0267, 0.0206, 0.0149, 0.0096, 0.522, 0.008]
  Player 3: [4.9982, 0.2585, 0.0009, 0.0, 0.0, 0.0001, 0.0, 0.4144, 0.0]
  Player 4: [0.7501, 0.6165, 0.027, 0.0002, 0.0004, 0.0014, 0.001, 0.531, 0.0003]
Trial 2:
  Player 1: [0.5921, 0.8764, 0.5934, 0.0539, 0.0547, 0.5901, 0.6408, 0.0058, 0.0873]
  Player 2: [0.597, 0.5705, 0.542, 0.055, 0.054, 0.5022, 0.5136, 0.0074, 0.0856]
  Player 3: [0.5549, 0.2798, 0.3147, 0.0006, 0.0006, 0.12, 0.2687, 0.0004, 0.0708]
  Player 4: [0.7464, 0.6376, 0.5959, 0.0267, 0.0264, 0.5674, 0.5603, 0.0256, 0.048]
Trial 3:
  Player 1: [0.5887, 0.5751, 0.5903, 0.0091, 0.0068, 0.0063, 0.606, 0.6059, 0.5864]
  Player 2: [0.5943, 0.5796, 0.542, 0.021, 0.009, 0.0072, 0.5025, 0.5042, 0.512]
  Player 3: [0.6506, 0.0666, 0.2809, 0.0, 0.0034, 0.0, 0.2287, 0.3186, 0.2691]
  Player 4: [0.7462, 0.6208, 0.596, 0.0001, 0.0048, 0.0002, 0.5509, 0.5268, 0.4937]
Trial 4:
  Player 1: [0.5766, 0.5847, 0.0297, 0.0064, 0.0288, 0.5967, 0.5891, 0.014, 0.5881]
  Player 2: [0.5897, 0.5727, 0.0565, 0.0078, 0.0246, 0.4963, 0.5051, 0.0152, 0.4449]
  Player 3: [0.3345, 0.187, 0.0007, 0.0006, 0.0002, 0.3617, 0.2156, 0.0, 0.3072]
  Player 4: [0.7451, 0.6208, 0.0026, 0.001, 0.0271, 0.5535, 0.5514, 0.0008, 0.4926]
Trial 5:
  Player 1: [0.5886, 0.5909, 0.59, 0.5905, 0.0144, 0.0107, 0.6283, 0.009, 0.6003]
  Player 2: [0.5943, 0.5764, 0.5421, 0.523, 0.0126, 0.0167, 0.5096, 0.0067, 0.5084]
  Player 3: [0.3712, 0.3445, 0.2809, 0.2874, 0.0, 0.0, 0.5862, 0.0005, 0.2214]
  Player 4: [0.7462, 0.6218, 0.596, 0.577, 0.0008, 0.0001, 0.5507, 0.001, 0.4935]
Trial 6:
  Player 1: [0.0137, 0.5786, 0.5907, 0.6027, 0.0299, 0.6108, 0.591, 0.6014, 0.5904]
  Player 2: [0.0153, 0.5689, 0.5421, 0.5219, 0.0414, 0.4976, 0.502, 0.4695, 0.5096]
  Player 3: [0.0017, 0.2392, 0.3298, 1.605, 0.0007, 0.3772, 0.328, 0.3189, 0.3076]
  Player 4: [0.0001, 0.6208, 0.596, 0.58, 0.0264, 0.5535, 0.4886, 0.5322, 0.4934]
Trial 7:
  Player 1: [0.5886, 0.5789, 0.008, 0.0042, 0.5898, 0.5969, 0.6922, 0.5908, 0.5853]
  Player 2: [0.5943, 0.5783, 0.0086, 0.0104, 0.5058, 0.4974, 0.5005, 0.5382, 0.5588]
  Player 3: [0.4463, 0.3602, 0.0007, 0.0015, 0.3383, 0.1102, 0.4261, 0.2098, 0.2675]
  Player 4: [0.7462, 0.6208, 0.0008, 0.0009, 0.5619, 0.5535, 0.5505, 0.5472, 0.4945]
Trial 8:
  Player 1: [0.5887, 0.5829, 0.0453, 0.599, 0.0081, 0.0168, 0.6058, 0.014, 0.5926]
  Player 2: [0.5942, 0.569, 0.0433, 0.5249, 0.0114, 0.0155, 0.504, 0.0089, 0.5136]
  Player 3: [0.4962, 0.3253, 0.0001, 1.1163, 0.0, 0.0001, 0.2278, 0.0, 0.2739]
  Player 4: [0.7463, 0.6208, 0.0009, 0.5734, 0.0009, 0.0006, 0.5503, 0.004, 0.4933]
Trial 9:
  Player 1: [0.0018, 0.5905, 0.007, 0.5902, 0.0097, 0.0524, 0.0079, 0.5896, 0.0099]
  Player 2: [0.0083, 0.5719, 0.0057, 0.5232, 0.0138, 0.0514, 0.0083, 0.5124, 0.0039]
  Player 3: [0.0, 0.5182, 0.0, 0.2731, 0.0, 0.0707, 0.0001, 0.1754, 0.0]
  Player 4: [0.0007, 0.6219, 0.0004, 0.5768, 0.0008, 0.0269, 0.0008, 0.5214, 0.0066]
Trial 10:
  Player 1: [0.5887, 0.006, 0.5891, 0.5984, 0.608, 0.5949, 0.6466, 0.0156, 0.6604]
  Player 2: [0.5943, 0.0203, 0.5421, 0.5199, 0.5044, 0.5063, 0.5033, 0.0118, 0.5032]
  Player 3: [0.371, 0.0012, 0.2121, 0.3836, 0.1365, 0.12, 0.1383, 0.0, 0.2431]
  Player 4: [0.7462, 0.0004, 0.596, 0.5768, 0.5624, 0.5517, 0.5507, 0.0003, 0.5017]
Trial 11:
  Player 1: [0.0427, 0.5771, 0.5896, 0.0117, 0.0092, 0.5994, 0.0075, 0.0157, 0.644]
  Player 2: [0.0428, 0.5689, 0.542, 0.0135, 0.014, 0.5062, 0.0096, 0.0133, 0.573]
  Player 3: [0.0011, 0.3006, 0.2054, 0.0, 0.0, 0.1359, 0.0001, 0.0001, 1.884]
  Player 4: [0.0116, 0.6207, 0.5961, 0.0008, 0.0004, 0.5526, 0.0006, 0.0257, 0.4938]
Trial 12:
  Player 1: [0.5867, 0.0075, 0.5863, 0.6604, 0.5952, 0.5942, 0.6008, 0.6857, 0.0095]
  Player 2: [0.5931, 0.0234, 0.539, 0.5207, 0.5044, 0.4999, 0.4959, 0.5124, 0.006]
  Player 3: [0.3256, 0.0, 0.031, 0.432, 0.2665, 0.256, 0.6024, 0.172, 0.0003]
  Player 4: [0.7469, 0.0001, 0.5963, 0.5799, 0.5669, 0.5728, 0.5504, 0.5308, 0.0259]
Trial 13:
  Player 1: [0.5793, 0.5699, 0.0149, 0.6042, 0.6014, 0.6014, 0.0088, 0.0473, 0.5918]
  Player 2: [0.5818, 0.5605, 0.0146, 0.5234, 0.5021, 0.497, 0.0076, 0.0433, 0.559]
  Player 3: [0.5217, 0.4593, 0.0, 0.1287, 0.0141, 0.2236, 0.0001, 0.0002, 0.2572]
  Player 4: [0.745, 0.6146, 0.0001, 0.6806, 0.5668, 0.5536, 0.0041, 0.0256, 0.4931]
Trial 14:
  Player 1: [0.5886, 0.8732, 0.6011, 0.5987, 0.0547, 0.6138, 0.6432, 0.0151, 0.641]
  Player 2: [0.5944, 0.5713, 0.5431, 0.5227, 0.0549, 0.4976, 0.5049, 0.012, 0.437]
  Player 3: [0.3712, 0.1979, 0.2661, 0.4589, 0.0707, 0.2455, 0.2929, 0.0, 1.7941]
  Player 4: [0.7463, 0.6912, 0.5961, 0.5767, 0.0266, 0.5539, 0.5548, 0.0002, 0.4924]
Trial 15:
  Player 1: [0.5886, 0.5794, 0.5926, 0.5872, 0.5974, 0.0148, 0.594, 0.0076, 0.5959]
  Player 2: [0.5957, 0.5688, 0.5426, 0.5208, 0.5072, 0.0101, 0.4993, 0.0057, 0.5642]
  Player 3: [0.4594, 0.2291, 0.2525, 0.0865, 0.3098, 0.0004, 0.3285, 0.0, 0.2691]
  Player 4: [0.7463, 0.6208, 0.5928, 0.6746, 0.5074, 0.004, 0.4918, 0.0007, 0.5022]
Trial 16:
  Player 1: [0.588, 0.5667, 0.59, 0.5885, 0.0428, 0.6153, 0.6804, 0.0076, 0.0691]
  Player 2: [0.5942, 0.5657, 0.5421, 0.5198, 0.0341, 0.5074, 0.5081, 0.0067, 0.0268]
  Player 3: [0.823, 0.1234, 0.2809, 0.0827, 0.0, 0.2492, 0.6449, 0.0005, 0.0031]
  Player 4: [0.73, 0.6057, 0.596, 0.68, 0.0002, 0.5759, 0.5504, 0.0041, 0.0005]
Trial 17:
  Player 1: [0.5886, 0.005, 0.589, 0.6029, 0.0114, 0.0524, 0.6254, 0.5809, 0.0159]
  Player 2: [0.5942, 0.0098, 0.5427, 0.5223, 0.0088, 0.047, 0.5038, 0.529, 0.0109]
  Player 3: [0.3709, 0.0045, 0.3127, 0.4588, 0.0017, 0.0003, 0.111, 0.2481, 0.0]
  Player 4: [0.7462, 0.028, 0.5928, 0.5771, 0.0041, 0.0263, 0.5604, 0.5317, 0.0003]
Trial 18:
  Player 1: [0.5886, 0.5798, 0.0538, 0.5875, 0.6328, 0.6023, 0.0074, 0.0131, 0.0097]
  Player 2: [0.5943, 0.569, 0.0553, 0.5235, 0.5074, 0.494, 0.0095, 0.0064, 0.0023]
  Player 3: [0.3702, 0.4358, 0.0707, 0.0873, 0.2738, 0.2224, 0.0001, 0.0001, 0.0]
  Player 4: [0.7462, 0.6208, 0.0276, 0.6734, 0.5588, 0.5539, 0.0006, 0.0008, 0.0002]
Trial 19:
  Player 1: [0.5956, 0.0029, 0.5906, 0.5894, 0.0044, 0.5967, 0.0107, 0.5882, 0.5837]
  Player 2: [0.6022, 0.0231, 0.5422, 0.5231, 0.0061, 0.4976, 0.0075, 0.5279, 0.4875]
  Player 3: [0.3449, 0.0, 0.3035, 0.2846, 0.0005, 2.4738, 0.0, 0.2258, 0.4766]
  Player 4: [0.7451, 0.0009, 0.5982, 0.5807, 0.0008, 0.5542, 0.0008, 0.5352, 0.4999]
Trial 20:
  Player 1: [0.599, 0.5797, 0.5883, 0.0092, 0.6142, 0.5938, 0.595, 0.0159, 0.5912]
  Player 2: [0.6012, 0.5688, 0.5432, 0.0082, 0.5078, 0.4965, 0.5037, 0.0119, 0.5696]
  Player 3: [4.5953, 0.2972, 4.1671, 0.0005, 2.9013, 0.2683, 0.4459, 0.0, 0.1697]
  Player 4: [0.7315, 0.6207, 0.5968, 0.0008, 0.5602, 0.5538, 0.5445, 0.0003, 0.4928]
Trial 21:
  Player 1: [0.5921, 0.5818, 0.5903, 0.5954, 0.008, 0.6, 0.6788, 0.0472, 0.014]
  Player 2: [0.5965, 0.5689, 0.5421, 0.5198, 0.0089, 0.4984, 0.5109, 0.0469, 0.0103]
  Player 3: [0.1047, 0.4304, 0.3104, 0.318, 0.0001, 0.1942, 0.4802, 0.0001, 0.0]
  Player 4: [0.7426, 0.6208, 0.5959, 0.5772, 0.0, 0.5539, 0.5514, 0.0256, 0.0]
Trial 22:
  Player 1: [0.008, 0.5827, 0.0541, 0.0063, 0.0071, 0.0173, 0.0075, 0.6243, 0.5939]
  Player 2: [0.0055, 0.569, 0.0555, 0.0076, 0.0063, 0.0151, 0.0067, 0.5516, 0.5198]
  Player 3: [0.0051, 0.3251, 0.0523, 0.0007, 0.0006, 0.0001, 0.0011, 0.1841, 0.3458]
  Player 4: [0.0009, 0.6208, 0.0272, 0.001, 0.0016, 0.0046, 0.0267, 0.5223, 0.5017]
Trial 23:
  Player 1: [0.5887, 0.5804, 0.0171, 0.608, 0.5898, 0.5912, 0.0141, 0.008, 0.6024]
  Player 2: [0.5943, 0.569, 0.014, 0.5215, 0.5056, 0.5016, 0.0132, 0.0062, 0.5088]
  Player 3: [0.3698, 0.3789, 0.0, 0.2648, 0.2833, 0.1198, 0.0006, 0.0002, 0.2693]
  Player 4: [0.7462, 0.6208, 0.0036, 0.5796, 0.5619, 0.5853, 0.0006, 0.004, 0.5051]
Trial 24:
  Player 1: [0.0575, 0.5771, 0.0074, 0.5859, 0.0087, 0.5985, 0.5929, 0.583, 0.5828]
  Player 2: [0.0629, 0.5691, 0.008, 0.521, 0.0139, 0.5026, 0.4977, 0.5196, 0.5482]
  Player 3: [0.0007, 0.09, 0.0, 1.1198, 0.0, 0.1218, 0.2805, 0.3223, 0.3073]
  Player 4: [0.0284, 0.6208, 0.0008, 0.5812, 0.0011, 0.56, 0.5509, 0.5211, 0.4935]
Trial 25:
  Player 1: [0.5886, 0.5824, 0.5868, 0.632, 0.0071, 0.5893, 0.6166, 0.5844, 0.5825]
  Player 2: [0.5944, 0.5691, 0.5384, 0.5231, 0.0104, 0.4981, 0.5094, 0.5066, 0.502]
  Player 3: [0.3768, 0.1041, 0.1567, 0.3015, 0.0005, 0.2664, 0.4794, 0.2599, 0.22]
  Player 4: [0.7462, 0.6197, 0.596, 0.5768, 0.0009, 0.5537, 0.5516, 0.5314, 0.4925]
Trial 26:
  Player 1: [0.5813, 0.5743, 0.5921, 0.0236, 0.0198, 0.6019, 0.0127, 0.0083, 0.588]
  Player 2: [0.5845, 0.5697, 0.542, 0.0226, 0.0199, 0.4971, 0.0088, 0.0075, 0.4996]
  Player 3: [0.599, 0.4347, 0.3048, 0.0, 0.0001, 0.2117, 0.0015, 0.0005, 0.3072]
  Player 4: [0.7451, 0.6207, 0.5961, 0.0009, 0.0009, 0.5533, 0.0048, 0.0008, 0.4939]
Trial 27:
  Player 1: [0.5857, 0.5789, 0.6, 0.6012, 0.012, 0.0425, 0.5973, 0.687, 0.5869]
  Player 2: [0.5929, 0.5697, 0.5424, 0.5218, 0.0095, 0.0175, 0.5166, 0.5232, 0.5281]
  Player 3: [0.2727, 0.5227, 0.474, 0.2554, 0.0, 0.0001, 0.2156, 0.2168, 0.3078]
  Player 4: [0.745, 0.6208, 0.6164, 0.5842, 0.0001, 0.0264, 0.5609, 0.5185, 0.4925]
Trial 28:
  Player 1: [0.0011, 0.5819, 0.0541, 0.0092, 0.6052, 0.595, 0.005, 0.0081, 0.6033]
  Player 2: [0.0081, 0.569, 0.0551, 0.0083, 0.5065, 0.4977, 0.0105, 0.0069, 0.5161]
  Player 3: [0.0002, 0.295, 0.0006, 0.0005, 0.3906, 0.3157, 0.0, 0.0005, 0.2479]
  Player 4: [0.0009, 0.6043, 0.0277, 0.0008, 0.5635, 0.5586, 0.0006, 0.004, 0.4927]
Trial 29:
  Player 1: [0.5886, 0.0251, 0.5903, 0.5886, 0.007, 0.5451, 0.6423, 0.6538, 0.6391]
  Player 2: [0.5942, 0.0234, 0.542, 0.5202, 0.0075, 0.4774, 0.4952, 0.5182, 0.5346]
  Player 3: [0.3707, 0.0, 0.2807, 0.2989, 0.0011, 0.1191, 0.2424, 0.251, 0.8634]
  Player 4: [0.7462, 0.0001, 0.596, 0.5801, 0.0016, 0.4152, 0.5521, 0.5318, 0.4933]
Trial 30:
  Player 1: [0.5887, 0.5719, 0.5854, 0.6388, 0.0108, 0.6019, 0.0077, 0.5964, 0.6498]
  Player 2: [0.5905, 0.6736, 0.5386, 0.5201, 0.0082, 0.504, 0.0066, 0.513, 0.555]
  Player 3: [0.3249, 0.4503, 0.5084, 0.3128, 0.0005, 0.1201, 0.0004, 0.3187, 0.2479]
  Player 4: [0.7463, 0.6207, 0.5944, 0.5801, 0.0009, 0.5754, 0.001, 0.5346, 0.4936]
Trial 31:
  Player 1: [0.5911, 0.6102, 0.5916, 0.6047, 0.0095, 0.5921, 0.5793, 0.0159, 0.0158]
  Player 2: [0.5959, 0.5889, 0.5421, 0.5189, 0.0139, 0.4975, 0.4897, 0.0118, 0.0132]
  Player 3: [0.1856, 0.4147, 0.3149, 0.3129, 0.0005, 0.1219, 0.1083, 0.0, 0.0004]
  Player 4: [0.7463, 0.6208, 0.5961, 0.5794, 0.0006, 0.5535, 0.5511, 0.0003, 0.0251]
Trial 32:
  Player 1: [0.5887, 0.0194, 0.0541, 0.5899, 0.0162, 0.0534, 0.0186, 0.0067, 0.4822]
  Player 2: [0.5942, 0.0328, 0.054, 0.5229, 0.0195, 0.0696, 0.0143, 0.0076, 0.3472]
  Player 3: [0.3707, 0.0001, 0.01, 0.4535, 0.0, 0.0018, 0.0, 0.0005, 0.698]
  Player 4: [0.7462, 0.0273, 0.0303, 0.5935, 0.0045, 0.0009, 0.0036, 0.0008, 0.5203]
Trial 33:
  Player 1: [0.0487, 0.0535, 0.5909, 0.5885, 0.0422, 0.6066, 0.0094, 0.5976, 0.6081]
  Player 2: [0.1035, 0.0566, 0.5421, 0.5201, 0.0399, 0.497, 0.0054, 0.5428, 0.5]
  Player 3: [0.0454, 0.0707, 0.3037, 0.2988, 0.0, 0.225, 0.0001, 0.2993, 0.2611]
  Player 4: [0.0276, 0.0272, 0.5983, 0.5801, 0.0002, 0.5534, 0.0041, 0.5224, 0.5041]
Trial 34:
  Player 1: [0.5836, 0.5817, 0.5912, 0.0061, 0.6134, 0.5897, 0.616, 0.0073, 0.0079]
  Player 2: [0.6005, 0.5688, 0.5419, 0.0079, 0.5081, 0.4968, 0.4962, 0.0075, 0.0062]
  Player 3: [0.4058, 0.2639, 0.1852, 0.0005, 0.2298, 0.3057, 0.2944, 0.0, 0.0004]
  Player 4: [0.7462, 0.6209, 0.596, 0.001, 0.5664, 0.5533, 0.551, 0.0002, 0.0008]
Trial 35:
  Player 1: [0.0547, 0.5814, 0.5889, 0.5894, 0.0538, 0.6015, 0.606, 0.0261, 0.5768]
  Player 2: [0.0569, 0.569, 0.5421, 0.5205, 0.0527, 0.5094, 0.5072, 0.0203, 0.5347]
  Player 3: [0.0098, 0.2207, 0.2089, 0.1485, 0.0048, 0.2228, 2.2788, 0.0005, 0.1316]
  Player 4: [0.0232, 0.6207, 0.5961, 0.5799, 0.0177, 0.5534, 0.5555, 0.0007, 0.5017]
Trial 36:
  Player 1: [0.5863, 0.5812, 0.5901, 0.6035, 0.6004, 0.6214, 0.6479, 0.0136, 0.5863]
  Player 2: [0.5975, 0.6847, 0.542, 0.521, 0.5079, 0.497, 0.5109, 0.0096, 0.5513]
  Player 3: [0.3064, 0.2422, 0.281, 0.3439, 0.2738, 0.2455, 0.5499, 0.0, 0.2084]
  Player 4: [0.736, 0.651, 0.5961, 0.5801, 0.5625, 0.5537, 0.5502, 0.0001, 0.4927]
Trial 37:
  Player 1: [0.0488, 0.5907, 0.0175, 0.0234, 0.0069, 0.0141, 0.6518, 0.5838, 0.646]
  Player 2: [0.0479, 0.5774, 0.014, 0.0234, 0.0075, 0.0099, 0.5102, 0.5385, 0.5601]
  Player 3: [0.007, 0.5237, 0.0, 0.0, 0.001, 0.0006, 0.3324, 0.1826, 0.2475]
  Player 4: [0.0011, 0.6235, 0.0036, 0.0009, 0.0016, 0.0015, 0.5767, 0.5358, 0.4948]
Trial 38:
  Player 1: [0.5886, 0.0135, 0.5894, 0.5884, 0.012, 0.5019, 0.6402, 0.6248, 0.584]
  Player 2: [0.5943, 0.0149, 0.5466, 0.5205, 0.0169, 0.4624, 0.5048, 0.5131, 0.5073]
  Player 3: [0.3711, 0.0, 0.3286, 0.2988, 0.0, 0.0235, 0.2879, 0.2398, 0.3076]
  Player 4: [0.7462, 0.0004, 0.596, 0.58, 0.0006, 0.5401, 0.5503, 0.5349, 0.4931]
Trial 39:
  Player 1: [0.5938, 0.065, 0.0537, 0.598, 0.0561, 0.6026, 0.0079, 0.0179, 0.6452]
  Player 2: [0.5976, 0.067, 0.008, 0.5224, 0.0541, 0.4968, 0.0084, 0.013, 0.6124]
  Player 3: [0.323, 0.004, 0.0098, 0.2749, 0.0705, 0.2247, 0.0004, 0.0, 0.2479]
  Player 4: [0.7454, 0.0521, 0.0249, 0.5808, 0.0503, 0.5531, 0.0008, 0.0006, 0.4926]
Trial 40:
  Player 1: [0.0578, 0.5838, 0.5516, 0.105, 0.0121, 0.0146, 0.6493, 0.0119, 0.586]
  Player 2: [0.0126, 0.5718, 0.5365, 0.1043, 0.0097, 0.0082, 0.5135, 0.0134, 0.5583]
  Player 3: [0.0012, 3.9917, 0.0215, 0.0002, 0.0, 0.0007, 0.2119, 0.0, 0.3076]
  Player 4: [0.0279, 0.6208, 0.5889, 0.0508, 0.0004, 0.0298, 0.5504, 0.0003, 0.4929]
Trial 41:
  Player 1: [0.5887, 0.588, 0.0556, 0.5896, 0.0072, 0.0151, 0.0043, 0.0157, 0.6497]
  Player 2: [0.5942, 0.5946, 0.0576, 0.5206, 0.0112, 0.0079, 0.0088, 0.0121, 0.5682]
  Player 3: [0.3705, 0.2902, 0.0025, 0.1485, 0.0003, 0.0, 0.0, 0.0, 0.3897]
  Player 4: [0.7463, 0.6103, 0.0373, 0.5801, 0.0003, 0.0011, 0.0011, 0.0, 0.5043]
Trial 42:
  Player 1: [0.5851, 0.5744, 0.59, 0.6039, 0.6125, 0.5916, 0.6588, 0.588, 0.5813]
  Player 2: [0.5923, 0.5696, 0.542, 0.5246, 0.5084, 0.5009, 0.5139, 0.5296, 0.6201]
  Player 3: [0.3248, 0.4347, 0.2024, 0.4432, 0.3833, 0.2102, 0.4803, 0.2511, 0.2562]
  Player 4: [0.7462, 0.6208, 0.596, 0.5895, 0.5675, 0.5598, 0.5502, 0.1551, 0.4935]
Trial 43:
  Player 1: [0.5886, 0.5836, 0.5836, 0.0118, 0.01, 0.6009, 0.6718, 0.0149, 0.645]
  Player 2: [0.5942, 0.5798, 0.5422, 0.009, 0.0071, 0.4968, 0.4951, 0.0119, 0.504]
  Player 3: [0.3712, 3.8481, 0.3544, 0.0, 0.0007, 0.2235, 0.5854, 0.0, 1.831]
  Player 4: [0.7462, 0.6208, 0.596, 0.03, 0.0048, 0.5533, 0.5509, 0.0003, 0.4929]
Trial 44:
  Player 1: [0.5886, 0.0066, 0.5904, 0.5897, 0.0087, 0.615, 0.0355, 0.5866, 0.5985]
  Player 2: [0.5944, 0.0123, 0.5414, 0.5229, 0.0113, 0.4968, 0.0504, 0.5071, 0.5089]
  Player 3: [0.3711, 0.0011, 0.3038, 0.3918, 0.0001, 0.1895, 0.0004, 0.3563, 0.2998]
  Player 4: [0.7463, 0.0008, 0.5943, 0.5769, 0.0002, 0.6888, 0.0009, 0.5515, 0.5014]
Trial 45:
  Player 1: [0.5886, 0.8759, 0.589, 0.0154, 0.0548, 0.6002, 0.017, 0.6217, 0.0869]
  Player 2: [0.5942, 0.571, 0.5419, 0.0171, 0.0532, 0.5031, 0.0113, 0.5234, 0.0858]
  Player 3: [0.3712, 0.185, 0.4595, 0.0, 0.0706, 0.1226, 0.0, 0.2649, 0.0138]
  Player 4: [0.7463, 0.6544, 0.596, 0.0009, 0.0271, 0.5758, 0.0077, 0.5471, 0.0677]
Trial 46:
  Player 1: [0.5902, 0.5816, 0.5861, 0.5899, 0.6126, 0.0079, 0.6776, 0.0076, 0.0873]
  Player 2: [0.5948, 0.569, 0.543, 0.5234, 0.5093, 0.012, 0.5008, 0.0058, 0.0855]
  Player 3: [0.5721, 0.2089, 0.2897, 0.1176, 0.2031, 0.0, 0.2933, 0.0005, 0.0005]
  Player 4: [0.7617, 0.6208, 0.4827, 0.577, 0.5628, 0.0006, 0.5596, 0.001, 0.048]
Trial 47:
  Player 1: [0.586, 0.5788, 0.0536, 0.0218, 0.6452, 0.5966, 0.5901, 0.0487, 0.5032]
  Player 2: [0.6072, 0.5696, 0.055, 0.0221, 0.5075, 0.4969, 0.5135, 0.0474, 0.4049]
  Player 3: [0.0469, 0.5026, 0.0707, 0.0, 0.2836, 0.224, 0.2996, 0.0003, 0.6643]
  Player 4: [0.6939, 0.6208, 0.0271, 0.0008, 0.5585, 0.5536, 0.5776, 0.0258, 0.5213]
Trial 48:
  Player 1: [0.0715, 0.5734, 0.5922, 0.5957, 0.0545, 0.0531, 0.6435, 0.5974, 0.5939]
  Player 2: [0.076, 0.5724, 0.542, 0.5237, 0.0546, 0.0524, 0.4995, 0.55, 0.546]
  Player 3: [0.018, 3.967, 0.2973, 0.0915, 0.0, 0.0003, 0.1787, 0.255, 0.2479]
  Player 4: [0.0326, 0.6369, 0.596, 0.6682, 0.0264, 0.026, 0.5511, 0.5327, 0.4925]
Trial 49:
  Player 1: [0.5887, 0.5743, 0.0048, 0.5908, 0.0108, 0.0144, 0.0146, 0.0488, 0.6031]
  Player 2: [0.5942, 0.5697, 0.0129, 0.5217, 0.0139, 0.017, 0.0196, 0.0466, 0.5852]
  Player 3: [0.3702, 0.4347, 0.0009, 0.286, 0.0005, 0.0, 0.0, 0.0706, 0.2701]
  Player 4: [0.7462, 0.6208, 0.0003, 0.5807, 0.0006, 0.0009, 0.0003, 0.029, 0.4932]
Trial 50:
  Player 1: [0.0083, 0.5797, 0.5892, 0.5885, 0.6121, 0.6085, 0.5874, 0.5937, 0.5951]
  Player 2: [0.0113, 0.5689, 0.5376, 0.5202, 0.5104, 0.5065, 0.5139, 0.4685, 0.5438]
  Player 3: [0.0015, 0.4214, 0.0762, 0.1373, 0.311, 0.1344, 0.0646, 0.2464, 0.2481]
  Player 4: [0.0284, 0.6208, 0.5943, 0.5799, 0.5047, 0.5751, 0.7515, 0.528, 0.4945]
