Method Plan:
[-18.4951, 69.9396, 1.7998, 1.4422]
[-17.7841, 70.4062, 2.046, 1.2015]
[-14.4285, 70.4442, 3.3156, 4.1982]
[-12.5804, 82.6212, 3.5441, 4.6467]
--------------------------------
[-18.4305, 70.4393, 2.2826, 1.2334]
[-17.5774, 70.9405, 2.34, 1.1962]
[-14.8851, 69.6359, 3.8756, 3.9963]
[-12.6455, 81.6309, 4.1041, 4.5948]
--------------------------------
[-18.2189, 71.0424, 2.5178, 1.1094]
[-17.3376, 71.5502, 2.44, 1.1946]
[-15.5975, 68.8172, 4.4356, 3.8372]
[-12.7803, 80.4897, 4.6641, 4.5926]
--------------------------------
[-17.9051, 71.6737, 2.5883, 1.0788]
[-17.0867, 72.1857, 2.4198, 1.1942]
[-16.5509, 68.0213, 4.7176, 3.8549]
[-12.9364, 79.1931, 5.2241, 4.5925]
--------------------------------
[-17.5627, 72.3125, 2.5638, 1.0699]
[-16.8375, 72.8157, 2.3385, 1.194]
[-17.5498, 67.157, 4.6414, 4.0924]
[-13.1113, 77.7409, 5.7841, 4.5925]
--------------------------------
[-17.218, 72.9422, 2.498, 1.0665]
[-16.5966, 73.4246, 2.2405, 1.1939]
[-18.3049, 66.0993, 4.3836, 4.234]
[-13.3049, 76.1329, 6.3431, 4.5925]
--------------------------------
[-16.88, 73.5545, 2.4292, 1.0646]
[-16.3657, 74.0079, 2.1558, 1.1939]
[-18.87, 65.0097, 4.0681, 4.2923]
[-13.5173, 74.3696, 6.5967, 4.5925]
--------------------------------
[-16.5503, 74.1494, 2.3803, 1.0636]
[-16.1436, 74.5692, 2.1006, 1.1939]
[-19.3345, 63.9697, 3.7835, 3.9564]
[-13.7381, 72.5358, 6.6825, 4.5925]
--------------------------------
[-16.2265, 74.732, 2.3591, 1.0632]
[-15.9271, 75.116, 2.0779, 1.1939]
[-20.0613, 63.1989, 3.5878, 3.5175]
[-13.9618, 70.6781, 6.6973, 4.5925]
--------------------------------
[-15.9055, 75.3093, 2.3591, 1.0632]
[-15.7129, 75.657, 2.0779, 1.1939]
[-20.9957, 62.8301, 3.5878, 3.5175]
[-14.186, 68.8163, 6.6973, 4.5925]
--------------------------------

Baseline Plan:
[-18.4951, 69.9396, 1.7998, 1.4422]
[-17.7841, 70.4062, 2.046, 1.2015]
[-14.4285, 70.4442, 3.3156, 4.1982]
[-12.5804, 82.6212, 3.5441, 4.6467]
--------------------------------
[-18.4305, 70.4393, 2.283, 1.2334]
[-17.5774, 70.9405, 2.3402, 1.1962]
[-14.8851, 69.6359, 3.8756, 3.9963]
[-12.6455, 81.6309, 4.1041, 4.5948]
--------------------------------
[-18.2189, 71.0425, 2.5182, 1.1094]
[-17.3376, 71.5503, 2.44, 1.1946]
[-15.5975, 68.8173, 4.4356, 3.8372]
[-12.7803, 80.4897, 4.6641, 4.5926]
--------------------------------
[-17.905, 71.6739, 2.5885, 1.0787]
[-17.0866, 72.1857, 2.4196, 1.1942]
[-16.5509, 68.0213, 4.7177, 3.8549]
[-12.9364, 79.1931, 5.2241, 4.5925]
--------------------------------
[-17.5626, 72.3127, 2.5637, 1.0699]
[-16.8375, 72.8157, 2.3381, 1.194]
[-17.5498, 67.157, 4.6414, 4.0924]
[-13.1113, 77.7409, 5.7841, 4.5925]
--------------------------------
[-17.2179, 72.9423, 2.4977, 1.0665]
[-16.5966, 73.4245, 2.24, 1.194]
[-18.305, 66.0993, 4.3835, 4.234]
[-13.3049, 76.1329, 6.3434, 4.5925]
--------------------------------
[-16.88, 73.5546, 2.4288, 1.0646]
[-16.3658, 74.0077, 2.1552, 1.1939]
[-18.87, 65.0097, 4.0679, 4.2923]
[-13.5173, 74.3695, 6.5972, 4.5925]
--------------------------------
[-16.5503, 74.1494, 2.3798, 1.0636]
[-16.1437, 74.5687, 2.1, 1.1939]
[-19.3345, 63.9697, 3.7834, 3.9563]
[-13.7381, 72.5355, 6.683, 4.5925]
--------------------------------
[-16.2266, 74.7319, 2.3586, 1.0632]
[-15.9273, 75.1155, 2.0773, 1.1939]
[-20.0613, 63.199, 3.5877, 3.5175]
[-13.9619, 70.6777, 6.6978, 4.5925]
--------------------------------
[-15.9056, 75.3091, 2.3586, 1.0632]
[-15.7132, 75.6563, 2.0773, 1.1939]
[-20.9957, 62.8302, 3.5877, 3.5175]
[-14.1861, 68.8158, 6.6978, 4.5925]
--------------------------------
