Method Plan:
[-18.3087, 71.4702, 1.7727, 1.1709]
[-17.2888, 71.7637, 1.5486, 1.1763]
[-16.3357, 67.4773, 3.8072, 3.8089]
[-12.8845, 79.8522, 2.9523, 4.624]
--------------------------------
[-18.1155, 71.9273, 1.9305, 1.0382]
[-17.1222, 72.1641, 1.6963, 1.1811]
[-17.1731, 66.8176, 4.063, 3.7076]
[-12.9575, 79.0288, 3.5123, 4.5938]
--------------------------------
[-17.841, 72.393, 1.9542, 0.9858]
[-16.9417, 72.6034, 1.7233, 1.1836]
[-18.1333, 66.2075, 3.8976, 4.144]
[-13.0738, 78.0523, 4.0723, 4.5925]
--------------------------------
[-17.5389, 72.8493, 1.8991, 0.9625]
[-16.7596, 73.0502, 1.6788, 1.185]
[-18.7207, 65.2877, 3.4918, 4.2728]
[-13.2101, 76.9202, 4.6323, 4.5925]
--------------------------------
[-17.235, 73.2856, 1.8088, 0.9504]
[-16.5827, 73.4858, 1.6019, 1.1857]
[-19.1368, 64.403, 2.9441, 4.1963]
[-13.3652, 75.6325, 5.1923, 4.5925]
--------------------------------
[-16.9406, 73.6977, 1.7153, 0.9435]
[-16.4142, 73.9014, 1.521, 1.1862]
[-19.5436, 63.686, 2.3841, 3.8548]
[-13.539, 74.1891, 5.4992, 4.5925]
--------------------------------
[-16.6587, 74.0866, 1.6395, 0.9395]
[-16.2544, 74.2962, 1.455, 1.1864]
[-20.0485, 63.2493, 1.8241, 3.5783]
[-13.7231, 72.6604, 5.6142, 4.5925]
--------------------------------
[-16.3878, 74.4571, 1.5919, 0.9376]
[-16.1016, 74.6739, 1.4134, 1.1865]
[-20.5113, 63.0332, 1.2641, 3.3667]
[-13.9111, 71.0997, 5.6371, 4.5925]
--------------------------------
[-16.124, 74.8165, 1.5728, 0.937]
[-15.9533, 75.0408, 1.3966, 1.1866]
[-20.8563, 62.9542, 0.9145, 3.2201]
[-14.0998, 69.5326, 5.6332, 4.5925]
--------------------------------
[-15.8632, 75.1713, 1.5728, 0.937]
[-15.8067, 75.4033, 1.3966, 1.1866]
[-21.1116, 62.9341, 0.9145, 3.2201]
[-14.2883, 67.9666, 5.6332, 4.5925]
--------------------------------

Baseline Plan:
[-18.3087, 71.4702, 1.773, 1.1709]
[-17.2888, 71.7637, 1.5489, 1.1764]
[-16.3357, 67.4773, 3.8072, 3.8089]
[-12.8845, 79.8522, 2.9523, 4.624]
--------------------------------
[-18.1155, 71.9274, 1.9308, 1.0382]
[-17.1222, 72.1641, 1.6965, 1.1811]
[-17.1731, 66.8176, 4.0632, 3.7077]
[-12.9575, 79.0288, 3.5123, 4.5938]
--------------------------------
[-17.8409, 72.3931, 1.9542, 0.9858]
[-16.9417, 72.6035, 1.7233, 1.1836]
[-18.1333, 66.2074, 3.8977, 4.144]
[-13.0738, 78.0523, 4.0723, 4.5925]
--------------------------------
[-17.5388, 72.8493, 1.8989, 0.9625]
[-16.7595, 73.0504, 1.6786, 1.185]
[-18.7208, 65.2876, 3.4917, 4.2728]
[-13.2101, 76.9202, 4.6323, 4.5925]
--------------------------------
[-17.2349, 73.2857, 1.8084, 0.9504]
[-16.5826, 73.4858, 1.6015, 1.1857]
[-19.1368, 64.4029, 2.944, 4.1961]
[-13.3652, 75.6325, 5.1923, 4.5925]
--------------------------------
[-16.9406, 73.6977, 1.7147, 0.9435]
[-16.4142, 73.9014, 1.5205, 1.1862]
[-19.5437, 63.686, 2.384, 3.8547]
[-13.539, 74.1891, 5.4993, 4.5925]
--------------------------------
[-16.6588, 74.0864, 1.6389, 0.9395]
[-16.2544, 74.2961, 1.4545, 1.1864]
[-20.0485, 63.2493, 1.824, 3.5782]
[-13.7231, 72.6603, 5.6144, 4.5925]
--------------------------------
[-16.388, 74.4568, 1.5912, 0.9377]
[-16.1017, 74.6736, 1.4129, 1.1865]
[-20.5114, 63.0333, 1.264, 3.3667]
[-13.9111, 71.0996, 5.6373, 4.5925]
--------------------------------
[-16.1243, 74.816, 1.5721, 0.937]
[-15.9534, 75.0404, 1.3961, 1.1866]
[-20.8563, 62.9543, 0.9144, 3.2201]
[-14.0998, 69.5324, 5.6334, 4.5925]
--------------------------------
[-15.8637, 75.1707, 1.5721, 0.937]
[-15.8069, 75.4028, 1.3961, 1.1866]
[-21.1116, 62.9343, 0.9144, 3.2201]
[-14.2884, 67.9664, 5.6334, 4.5925]
--------------------------------
