Method Plan:
[-18.4479, 71.0881, 1.8501, 1.2467]
[-17.4284, 71.4646, 1.6675, 1.1798]
[-15.705, 68.1809, 3.6885, 3.9313]
[-12.8036, 80.5041, 3.0026, 4.6207]
--------------------------------
[-18.2829, 71.5792, 2.0721, 1.0606]
[-17.2505, 71.8963, 1.8466, 1.1792]
[-16.4321, 67.4475, 4.2013, 3.5573]
[-12.8805, 79.6669, 3.5626, 4.5937]
--------------------------------
[-17.9996, 72.0855, 2.1342, 1.0002]
[-17.0532, 72.3742, 1.8887, 1.179]
[-17.5083, 66.9724, 4.1976, 3.9903]
[-12.9986, 78.6764, 4.1226, 4.5926]
--------------------------------
[-17.6768, 72.5884, 2.099, 0.9773]
[-16.8512, 72.8629, 1.8486, 1.1788]
[-18.2851, 66.0904, 3.9023, 4.214]
[-13.1366, 77.5304, 4.6826, 4.5925]
--------------------------------
[-17.3481, 73.0756, 2.0166, 0.9668]
[-16.6535, 73.3413, 1.7699, 1.1788]
[-18.8074, 65.1307, 3.4453, 4.2837]
[-13.2934, 76.2287, 5.2426, 4.5925]
--------------------------------
[-17.0274, 73.5404, 1.9242, 0.961]
[-16.4641, 73.7993, 1.6846, 1.1787]
[-19.2084, 64.2533, 2.9194, 4.161]
[-13.4689, 74.7713, 5.643, 4.5925]
--------------------------------
[-16.7188, 73.982, 1.8465, 0.9576]
[-16.2839, 74.2352, 1.6141, 1.1787]
[-19.6366, 63.557, 2.3758, 3.8224]
[-13.6578, 73.2026, 5.8115, 4.5925]
--------------------------------
[-16.4213, 74.4049, 1.7967, 0.9559]
[-16.1112, 74.6528, 1.5692, 1.1787]
[-20.1535, 63.1383, 1.8898, 3.5469]
[-13.8524, 71.587, 5.8598, 4.5925]
--------------------------------
[-16.131, 74.8158, 1.7765, 0.9553]
[-15.9433, 75.0588, 1.5511, 1.1787]
[-20.6398, 62.9297, 1.5594, 3.3277]
[-14.0485, 69.9581, 5.8639, 4.5925]
--------------------------------
[-15.8439, 75.2219, 1.7765, 0.9553]
[-15.7773, 75.4602, 1.5511, 1.1787]
[-21.0689, 62.8489, 1.5594, 3.3277]
[-14.2448, 68.328, 5.8639, 4.5925]
--------------------------------

Baseline Plan:
[-18.4479, 71.0881, 1.8505, 1.2467]
[-17.4284, 71.4646, 1.6678, 1.1798]
[-15.705, 68.1809, 3.6885, 3.9313]
[-12.8036, 80.5041, 3.0026, 4.6207]
--------------------------------
[-18.2829, 71.5793, 2.0725, 1.0605]
[-17.2505, 71.8964, 1.8469, 1.1792]
[-16.4321, 67.4475, 4.2015, 3.5574]
[-12.8805, 79.6669, 3.5626, 4.5937]
--------------------------------
[-17.9994, 72.0857, 2.1343, 1.0001]
[-17.0531, 72.3744, 1.8887, 1.179]
[-17.5083, 66.9723, 4.1978, 3.9903]
[-12.9986, 78.6764, 4.1226, 4.5926]
--------------------------------
[-17.6766, 72.5886, 2.0989, 0.9773]
[-16.8511, 72.8631, 1.8484, 1.1788]
[-18.2852, 66.0903, 3.9023, 4.214]
[-13.1366, 77.5304, 4.6826, 4.5925]
--------------------------------
[-17.3479, 73.0758, 2.0162, 0.9668]
[-16.6534, 73.3414, 1.7695, 1.1788]
[-18.8075, 65.1305, 3.4451, 4.2837]
[-13.2934, 76.2287, 5.2426, 4.5925]
--------------------------------
[-17.0273, 73.5404, 1.9236, 0.961]
[-16.4641, 73.7993, 1.6841, 1.1787]
[-19.2084, 64.2532, 2.9192, 4.1609]
[-13.4689, 74.7713, 5.6433, 4.5925]
--------------------------------
[-16.7189, 73.982, 1.8459, 0.9576]
[-16.2839, 74.2351, 1.6135, 1.1787]
[-19.6367, 63.557, 2.3756, 3.8223]
[-13.6578, 73.2025, 5.8118, 4.5925]
--------------------------------
[-16.4214, 74.4046, 1.796, 0.9559]
[-16.1113, 74.6526, 1.5686, 1.1787]
[-20.1536, 63.1383, 1.8896, 3.5468]
[-13.8524, 71.5869, 5.8601, 4.5925]
--------------------------------
[-16.1313, 74.8154, 1.7758, 0.9553]
[-15.9435, 75.0584, 1.5505, 1.1787]
[-20.6398, 62.9298, 1.5593, 3.3277]
[-14.0486, 69.9578, 5.8642, 4.5925]
--------------------------------
[-15.8443, 75.2214, 1.7758, 0.9553]
[-15.7776, 75.4596, 1.5505, 1.1787]
[-21.0689, 62.849, 1.5593, 3.3277]
[-14.2449, 68.3276, 5.8642, 4.5925]
--------------------------------
