Method Plan:
[-18.5318, 70.6927, 1.9069, 1.3216]
[-17.5643, 71.1411, 1.7955, 1.1843]
[-15.1955, 68.9321, 3.564, 4.0302]
[-12.739, 81.1666, 3.1553, 4.6356]
--------------------------------
[-18.4001, 71.2102, 2.1976, 1.1005]
[-17.3748, 71.6067, 2.0075, 1.1799]
[-15.8247, 68.1575, 4.124, 3.6291]
[-12.8068, 80.2857, 3.7153, 4.5944]
--------------------------------
[-18.1213, 71.7587, 2.302, 1.0258]
[-17.1606, 72.1264, 2.0652, 1.1781]
[-16.8449, 67.6166, 4.3557, 3.8367]
[-12.9293, 79.2527, 4.2753, 4.5926]
--------------------------------
[-17.7871, 72.3099, 2.29, 1.0019]
[-16.9393, 72.6606, 2.0295, 1.1773]
[-17.7815, 66.8355, 4.2103, 4.1236]
[-13.0724, 78.0642, 4.8353, 4.5925]
--------------------------------
[-17.4417, 72.8501, 2.218, 0.9924]
[-16.7215, 73.1855, 1.9487, 1.177]
[-18.4362, 65.8552, 3.8563, 4.2416]
[-13.2342, 76.72, 5.3953, 4.5925]
--------------------------------
[-17.1022, 73.3701, 2.1283, 0.9875]
[-16.5121, 73.6893, 1.8586, 1.1768]
[-18.926, 64.8929, 3.4093, 4.293]
[-13.4148, 75.2202, 5.8516, 4.5925]
--------------------------------
[-16.774, 73.8675, 2.0498, 0.9846]
[-16.3123, 74.1699, 1.7831, 1.1767]
[-19.3147, 64.021, 2.955, 4.0538]
[-13.6107, 73.5935, 6.0506, 4.5925]
--------------------------------
[-16.4565, 74.3456, 1.9983, 0.9831]
[-16.1206, 74.6309, 1.7347, 1.1766]
[-19.8211, 63.3666, 2.5473, 3.7111]
[-13.8133, 71.9115, 6.1126, 4.5925]
--------------------------------
[-16.1463, 74.8112, 1.9771, 0.9826]
[-15.934, 75.0793, 1.7151, 1.1766]
[-20.4218, 62.982, 2.2634, 3.4156]
[-14.0179, 70.2123, 6.1207, 4.5925]
--------------------------------
[-15.8391, 75.2718, 1.9771, 0.9826]
[-15.7496, 75.5227, 1.7151, 1.1766]
[-21.0319, 62.8105, 2.2634, 3.4156]
[-14.2228, 68.5108, 6.1207, 4.5925]
--------------------------------

Baseline Plan:
[-18.5318, 70.6927, 1.9075, 1.3216]
[-17.5643, 71.1411, 1.7959, 1.1843]
[-15.1955, 68.9321, 3.564, 4.0302]
[-12.739, 81.1666, 3.1553, 4.6356]
--------------------------------
[-18.4001, 71.2103, 2.1982, 1.1004]
[-17.3748, 71.6068, 2.0078, 1.1798]
[-15.8247, 68.1575, 4.124, 3.6291]
[-12.8068, 80.2857, 3.7153, 4.5944]
--------------------------------
[-18.1211, 71.7589, 2.3023, 1.0258]
[-17.1606, 72.1266, 2.0653, 1.1781]
[-16.8449, 67.6166, 4.3558, 3.8367]
[-12.9293, 79.2527, 4.2753, 4.5926]
--------------------------------
[-17.7869, 72.3102, 2.2899, 1.0018]
[-16.9392, 72.6609, 2.0293, 1.1773]
[-17.7816, 66.8355, 4.2103, 4.1236]
[-13.0724, 78.0642, 4.8353, 4.5925]
--------------------------------
[-17.4415, 72.8504, 2.2176, 0.9924]
[-16.7214, 73.1856, 1.9483, 1.177]
[-18.4363, 65.8551, 3.8562, 4.2416]
[-13.2342, 76.72, 5.3953, 4.5925]
--------------------------------
[-17.102, 73.3703, 2.1277, 0.9875]
[-16.5121, 73.6894, 1.858, 1.1768]
[-18.926, 64.8928, 3.4092, 4.293]
[-13.4148, 75.2202, 5.8519, 4.5925]
--------------------------------
[-16.7739, 73.8675, 2.0491, 0.9846]
[-16.3123, 74.1698, 1.7825, 1.1767]
[-19.3147, 64.021, 2.9548, 4.0537]
[-13.6107, 73.5934, 6.051, 4.5925]
--------------------------------
[-16.4565, 74.3455, 1.9976, 0.9831]
[-16.1207, 74.6306, 1.7341, 1.1766]
[-19.8211, 63.3667, 2.5473, 3.711]
[-13.8133, 71.9113, 6.113, 4.5925]
--------------------------------
[-16.1465, 74.811, 1.9763, 0.9826]
[-15.9342, 75.0789, 1.7144, 1.1766]
[-20.4218, 62.9822, 2.2634, 3.4156]
[-14.018, 70.2119, 6.1211, 4.5925]
--------------------------------
[-15.8394, 75.2714, 1.9763, 0.9826]
[-15.7498, 75.5221, 1.7144, 1.1766]
[-21.0319, 62.8107, 2.2634, 3.4156]
[-14.2229, 68.5103, 6.1211, 4.5925]
--------------------------------
