
ground truth:
[2.0, 0.0, 0.6, 0.0, 0.0, 0.6]
our method's errors: 
[5.058530279006936; 5.107601162637407; 5.14691461517048; 5.598048216620816;;]
baseline errors: 
[24.283618982769735; 24.31234721143493; 24.069163699885564; 23.640517664736723;;]
recovered parameters:
[[0.8048982395643307, 0.1258437694321405, 0.875239242552331, 0.22129488654975477, -0.8608915718177756, 0.7301490020439578],
[0.791911286834285, 0.3601827850152368, 0.8642387564571886, 0.19784372999879973, -1.2588336561253675, 0.7139313846713606],
[0.806242970448725, 0.2495641546220273, 0.8598945499795316, 0.2103754997719324, -1.1720210579886143, 0.7723185589345908],
[0.8210478177540741, 0.23627013601566277, 0.8725946897150102, 0.05715840645436917, -1.7084108399152274, 0.7186802406301249]]
baseline recovered parameters:
[[1.5579551431138277, 0.37692886618423743, 1.0, 0.8051635705395531, -0.7373816520586163, 1.0],
[1.5607994264191933, 0.37756411516525157, 1.0, 0.806335323148809, -0.7375028121710141, 1.0],
[1.5534707648709765, 0.3832593117444217, 1.0, 0.8129402066827349, -0.7363056766677377, 1.0],
[1.5460247367410611, 0.39287866699809243, 1.0, 0.8300114077059069, -0.7446843852056516, 1.0]]
parameter errors:
[2.2342105973412747; 3.2130142927935235; 2.9052293241483325; 4.367686506563547;;]
baseline parameter errors:
[1.529499101779148; 1.5295388562118772; 1.5492938869982216; 1.6039209571242812;;]
observed trajectories:
Any[[0.014583445949989044, 1.9755101007725504, 0.19166891899978084, -0.2897979845489896, 2.494159615866894, 1.9953044775699673, -0.11680768266211779, -0.09391044860064572, 0.03819424949338937, 1.942201077701048, 0.2805471518682334, -0.37638247688107807, 2.4767976940296923, 1.9813290231536989, -0.23043075408191116, -0.18559863972473117, 0.07052638974467423, 1.90042289112593, 0.36609565315746817, -0.45918125462128584, 2.448276674982188, 1.9583197299860098, -0.3399896268681883, -0.27458722362906385, 0.1112161520412447, 1.850589999689073, 0.4476995927739443, -0.5374765741158616, 2.4090587686260867, 1.9265721584749305, -0.44436850025382335, -0.36036420659251867, 0.15983193713054067, 1.7932021353180443, 0.5246161090119765, -0.6102807133047016, 2.359737983189971, 1.886436416874405, -0.5420472084684795, -0.44235062541798925, 0.2158574790452891, 1.7288820912186256, 0.595894729282992, -0.6761201686836756, 2.3010943617508093, 1.8383265085450913, -0.6308252203147506, -0.5198475411682927, 0.27866515974642153, 1.6584428709868968, 0.6602588847396565, -0.7326642359508514, 2.2341844954134893, 1.7827366097498034, -0.7073721064315953, -0.5919504347374668, 0.34747480980407125, 1.583005174556996, 0.7159341164133108, -0.7760896926471622, 2.1604908574385324, 1.720268455317071, -0.7665006530675481, -0.6574126539171776, 0.42129188426812103, 1.5042006899246378, 0.7604073728676825, -0.8, 2.0821658247851547, 1.6516763207779723, -0.8000000000000002, -0.7144300368647509, 0.49881754188402394, 1.4242006899246367, 0.7901057794503762, -0.8000000000000002, 2.0021658247851546, 1.577939565480894, -0.8, -0.7603050690768098, 0.5783228308565428, 1.3442006899246366, 0.8, -0.8, 1.922165824785154, 1.5003778285722096, -0.7999999999999995, -0.7909296690968736, 0.657775115616947, 1.2642006899246365, 0.789045695208076, -0.8, 1.8421658247851542, 1.4208313451173658, -0.7999999999999995, -0.8, 0.7345376842394511, 1.1842006899246362, 0.7462056772420054, -0.8, 1.76314749856083, 1.3408313451173657, -0.7803665244864842, -0.8, 0.8049990567694536, 1.1042006899246364, 0.6630217733580436, -0.7999999999999998, 1.6881410614000254, 1.2608313451173658, -0.7197622187296133, -0.7999999999999998, 0.8647639629543745, 1.0242006899246363, 0.5322763503403759, -0.7999999999999999, 1.6216108854601055, 1.181377845094909, -0.6108413000687886, -0.7890700004491358, 0.9090568909175033, 0.9442006899246363, 0.35358220892220094, -0.8, 1.5684149858245253, 1.1039215464483954, -0.453076692642813, -0.7600559724811387, 0.9340347594245869, 0.8642006899246363, 0.14597516121947632, -0.8, 1.5324938875140774, 1.0299531964429138, -0.265345273566148, -0.7193110276284908, 0.9400514832478984, 0.7842006899246363, -0.025640684753245324, -0.8, 1.5136084627798079, 0.9595874323659023, -0.11236322111924144, -0.688004253911744, 0.9344555869155232, 0.7042006899246365, -0.08627724189426417, -0.8, 1.5045458370315103, 0.8905900184544894, -0.06888929384670132, -0.6919440243165141, 0.9263909989046836, 0.6242006899246365, -0.07501451832252876, -0.8, 1.4963234011625426, 0.8198867430826006, -0.0955594235326535, -0.7221214831212619, 0.9188134421574766, 0.5442006899246363, -0.07653661662161045, -0.8, 1.4861783682545853, 0.7460118942669662, -0.10734123462649274, -0.7553754931914269, 0.9105378862789391, 0.4642006899246364, -0.0889745009491478, -0.8, 1.4755264398220214, 0.6682431196073948, -0.10569733402478389, -0.8, 0.90098362474443, 0.3842006899246364, -0.10211072974103443, -0.8, 1.4652201814959822, 0.5882431196073948, -0.10042783249599828, -0.8, 0.8907404374033018, 0.30420068992463006, -0.10275301708152938, -0.8, 1.4549768706843678, 0.5082431196073921, -0.10443838373628721, -0.8, 0.8807449460209038, 0.22420068992463002, -0.09715681056642998, -0.8, 1.4441719927585297, 0.4282431196073921, -0.11165917478047403, -0.8],
[0.0378681825781703, 1.978946166041367, 0.18714460045985032, -0.2900071636841833, 2.48957904860835, 1.9911948112186564, -0.1180422351884191, -0.09542477063643583, 0.05055147727570905, 1.947327938902552, 0.27779844201866216, -0.37475093891673095, 2.472306460711388, 1.993111643444898, -0.21549632148536996, -0.18468326615096223, 0.06624205523858412, 1.910221763884793, 0.37775166204972327, -0.47123642035277313, 2.477448092902152, 1.9756727549864974, -0.3353696368654815, -0.26966100187290787, 0.1171447805723996, 1.8442617584092436, 0.439518341157191, -0.5422400601862097, 2.4104590078734143, 1.9406251592000638, -0.46044230139871023, -0.35757308159382595, 0.15368777604616626, 1.7968973553586611, 0.510865590092866, -0.5948479500994461, 2.3617678194768494, 1.879049538697641, -0.5426876100139122, -0.43569559158740656, 0.20122856519433222, 1.7398447848628444, 0.5892739093255476, -0.6719093405849264, 2.3075893765166717, 1.8378597812200599, -0.6344129718008596, -0.5236485820335137, 0.26727966869498915, 1.6763752012648783, 0.6613053528604573, -0.7384267285625649, 2.225264577620698, 1.777572292653143, -0.7199438665904203, -0.6090251033855704, 0.3503116039649473, 1.578431168597833, 0.7052831808068958, -0.7755094574418313, 2.1567551011904427, 1.7112076085887906, -0.7591006182426827, -0.6541997946080758, 0.3993957134388457, 1.5028540842149738, 0.756115804010207, -0.7753429622361625, 2.071777560172614, 1.6532427025602, -0.810529282281087, -0.7311691840777514, 0.49329159081935864, 1.447689492037471, 0.7864071738803055, -0.8074975714553652, 2.008204520721127, 1.593614097046292, -0.8123531462194623, -0.7390078474926839, 0.5972198703051969, 1.3461374170251532, 0.8022557758466045, -0.7997051465534566, 1.9282844728473816, 1.4975434396783087, -0.7948929774059768, -0.7855257362973755, 0.6587483653162829, 1.2558633096300802, 0.7848709341917866, -0.796969081892387, 1.8421210441822813, 1.443507647414795, -0.8091459216760428, -0.8114558836169172, 0.7482567555740509, 1.1951795299590982, 0.7527708374944544, -0.7858551039554277, 1.7354277296655027, 1.345016469001726, -0.7839524293434013, -0.8099169622735265, 0.7957734989251889, 1.106321596787535, 0.6548285867167258, -0.8066260566460666, 1.711963169140223, 1.2665257138598212, -0.7175748455261224, -0.7915174611599238, 0.8714073284248938, 1.0291360391314182, 0.5409125485821566, -0.8141933993903764, 1.622568263325582, 1.167966464091979, -0.6213563644323876, -0.7770069528091309, 0.9109806528301898, 0.9380354983506815, 0.3279531301354494, -0.8104546306561295, 1.5633808094624007, 1.1143840011259019, -0.4496010910601623, -0.757836023304725, 0.9298430829454838, 0.8721238286940732, 0.15367495042304727, -0.7979641914070887, 1.5257043098055605, 1.0136132493219658, -0.25891966949916634, -0.7228201249474381, 0.9375066513636678, 0.7969275981510303, -0.023725060264808757, -0.8045395597355767, 1.520947712103056, 0.9480167164067685, -0.10828676928694728, -0.68676913633627, 0.9208427680575291, 0.7234881743194026, -0.07594514910664324, -0.8123072957296031, 1.5026042340927401, 0.8633638218431591, -0.06620161539228288, -0.6785597230608342, 0.9406663985652989, 0.6307239181554738, -0.09092389931527353, -0.7861747874647932, 1.5021752173826153, 0.8259486406909116, -0.10614599352311763, -0.7330254991924708, 0.927685263577514, 0.539098981808461, -0.08580355901819368, -0.788842490936519, 1.4884769107827036, 0.7588761908907509, -0.1091810913608333, -0.7593009788085276, 0.8993886945999175, 0.46847079297860106, -0.09405254629226546, -0.7997639810040374, 1.4883706869044278, 0.6636788406461159, -0.10560337922181158, -0.7935970791849017, 0.8986167330700459, 0.38158123377120984, -0.11356081550088304, -0.7974973246796976, 1.464010497244, 0.5787505537177771, -0.09981382736414394, -0.8024258118133116, 0.9094181442944287, 0.29289901493610104, -0.09372928040070401, -0.7971257257433126, 1.4681679856452652, 0.500996836093158, -0.11883121436788065, -0.8142253374515053, 0.8950222323434217, 0.22466049675798938, -0.11677426522104113, -0.7999808619352178, 1.4742041581989853, 0.42038836374973076, -0.11717588238350676, -0.8021631000471137],
[0.03870303081474443, 1.9672292912843337, 0.166352754898597, -0.2570854456482717, 2.5131191217490225, 1.9972293831199812, -0.12229664609192588, -0.08369650822285533, 0.017052062187465036, 1.9090120557441663, 0.2616601413899647, -0.37390667195472943, 2.4802133881620763, 1.9738314377505255, -0.22454127337013438, -0.19133943742454299, 0.08365184297987743, 1.902022850727374, 0.36278377584142973, -0.4409584116595448, 2.4086769210229293, 1.9536971519857724, -0.35552929518323506, -0.2726409875050434, 0.08510105640920831, 1.8228849036438595, 0.41568581126936277, -0.5401443671503906, 2.3913382878442566, 1.90018624952519, -0.4203530084026407, -0.35134518180980434, 0.14619502168609877, 1.7884681331219403, 0.5352507536732887, -0.6022705308812661, 2.3914824008267628, 1.8886667325953757, -0.5412055015247815, -0.4393412556496245, 0.20135929125995655, 1.7327031571324434, 0.6065065025596045, -0.6626810465292401, 2.277746009778866, 1.823286516709172, -0.6508955441377976, -0.5279875094491676, 0.3114792918407699, 1.6683846664093498, 0.656313560402307, -0.725009393768004, 2.2477787710171637, 1.8101378281196967, -0.6779698065259029, -0.590567349397873, 0.3464191181104372, 1.5690000486328692, 0.716697783503629, -0.7616171855179137, 2.161173633425791, 1.697961643086604, -0.7769889174952579, -0.6354382608079286, 0.4085098644235106, 1.4984673416086671, 0.7830665609198504, -0.7806983349832582, 2.0978372145165607, 1.671979807598047, -0.793587206287624, -0.758375750705054, 0.5373591530638558, 1.4411321084493791, 0.8011084541497899, -0.78563581184449, 1.9864367362327626, 1.556981754498485, -0.7810827069827455, -0.793103135885577, 0.5534863652311275, 1.352718651276366, 0.7642639749365931, -0.7929422533709238, 1.92340593888048, 1.514432398681814, -0.8401585634331091, -0.7560982496068936, 0.65266306115908, 1.298223762385741, 0.780797697262466, -0.8257386858515496, 1.832946888038916, 1.441920353974727, -0.7900347325982685, -0.7844962173988629, 0.7424502587795879, 1.165349284600077, 0.7194296642583232, -0.7937018205538623, 1.7513688506788834, 1.3484996542691303, -0.7856986460592562, -0.7838666082484065, 0.8264552770060355, 1.1103711583391593, 0.670903700538488, -0.8009939413032614, 1.6896935339683934, 1.261975601196338, -0.7272225895070574, -0.8119995539535528, 0.9150378284371792, 1.0347139555021456, 0.5602548966319195, -0.8130693630191699, 1.6112256395173883, 1.1983852199490863, -0.6069992308653545, -0.7847227399085197, 0.9188630452884123, 0.9109624798847131, 0.3530633874860391, -0.8254882036817042, 1.5941154104539264, 1.0744166614870654, -0.4888773594036418, -0.7460011553200682, 0.9430634950086916, 0.838573331817547, 0.19176324548788165, -0.8038919897647282, 1.557348454991806, 1.0389558039883742, -0.25098400134397664, -0.7047566114248092, 0.9156979826578127, 0.8076202227902533, -0.029276984926805524, -0.806511659832825, 1.5219018106431752, 0.9584678509254799, -0.09987863717792443, -0.712986380888909, 0.9114081407620663, 0.6980313449703984, -0.060364972300606765, -0.8082918719555082, 1.4810898139646247, 0.8852243947611309, -0.06272826019595888, -0.6904402800722441, 0.9442977098964889, 0.6288954988300157, -0.09461307375054157, -0.7891407252683631, 1.4908982114677147, 0.7825122903459816, -0.13533370929997215, -0.7104032657677397, 0.9299028883037652, 0.5758307854966068, -0.08426585696622528, -0.7952933840625481, 1.5040654276376946, 0.7355644154456341, -0.10732495229205206, -0.7754673497872453, 0.8441898058264768, 0.46514962576411567, -0.07650176410628926, -0.7902874659466753, 1.490524303645625, 0.68074387652706, -0.0991142385796365, -0.7923285875130928, 0.91116401396988, 0.4095120457326371, -0.09270143862226579, -0.7942546948425144, 1.4551860572072224, 0.6023153679028528, -0.12303144661807651, -0.8231973108492467, 0.9070787078914327, 0.3270930003819979, -0.10909516120032207, -0.8075908010246491, 1.4600097468353292, 0.48099314005290905, -0.11479821404532142, -0.8039487514266719, 0.8915930211815692, 0.22474493213185248, -0.07646676349146034, -0.8064583026736594, 1.4670199361771705, 0.440250365538322, -0.12581220830743128, -0.768370755420757],
[0.02249857151362707, 2.058528262420875, 0.15018528733723469, -0.15479055112102816, 2.477058267765306, 1.913430389203446, -0.14146997794477473, -0.16441214195347856, 0.0523380326352171, 1.9953068465496577, 0.2792831130125114, -0.42232421462455816, 2.5430549371614184, 1.9689321556039354, -0.1168419496858059, -0.198603778319632, 0.12210340222685251, 1.8465328708822146, 0.32031500615317077, -0.36614210576369094, 2.4295212220202522, 1.8781241865690654, -0.3840689806322713, -0.3488307894877172, 0.12144514661795729, 2.1054973578842255, 0.5617887770246887, -0.5781014458400676, 2.3622176450130907, 1.9232198387640655, -0.4501181532546498, -0.3125347566484509, 0.11759783019812414, 1.9802577597081372, 0.488986854134518, -0.5008952113576306, 2.2534375759233267, 1.9211298268300803, -0.5776024694963061, -0.5039305570634003, 0.12592794832882945, 1.652604697811669, 0.567649936268416, -0.6619488254907021, 2.2821584576271388, 1.7664673936746265, -0.6461192889822768, -0.5823787015190831, 0.19209731253162798, 1.777359415697087, 0.735913881848044, -0.6349662043812472, 2.204395320375992, 1.7841719788613983, -0.6129782341586572, -0.5852785677393275, 0.524115004293009, 1.4898955909900364, 0.9064622390115114, -0.6706195177051969, 2.1596718765778067, 1.847272839016681, -0.7599733434484738, -0.4727381921266126, 0.44619188318791797, 1.4947883021081085, 0.7052868101879439, -0.8683203741748751, 2.129865950827923, 1.7182903365480369, -0.8270207530109833, -0.6991418765976479, 0.2951364361607618, 1.3649069756434427, 0.7001837375027514, -0.8243851193062874, 1.9528109802929323, 1.4445909927628073, -0.614328680376288, -1.0354719379073256, 0.4218924657376445, 1.206165030727781, 0.7761825917449653, -0.5654336191890106, 1.9807502662166006, 1.5494307265147917, -0.7948002325725048, -0.7622252749794911, 0.6409216258872912, 1.214402623355306, 0.7681875415565844, -0.8889693509562123, 1.8174229042148546, 1.332608846029091, -0.7988219168602553, -0.7255689200044585, 0.7053257449607299, 1.162276253489408, 0.8480337947903147, -0.8087733140167007, 1.697534054718073, 1.2999969839703047, -0.8958248222387675, -0.7807521188798398, 0.764085762876137, 1.091664990599218, 0.7109749037047891, -0.8587739447483799, 1.7406545780856604, 1.154913147447386, -0.7649695950324251, -0.7603522612585656, 0.9275660916739739, 0.8938045095461038, 0.528839217993773, -0.693113174073704, 1.5812847096063156, 1.3076661596920094, -0.5226224129674418, -0.8784080553968914, 0.9024248145191068, 0.9421192402441143, 0.2706634555681711, -0.8250783774443001, 1.4949323439806597, 1.0775415465341383, -0.48463902783375545, -0.7911045367271587, 1.031211016442329, 0.8783923579323518, 0.4005033864736586, -0.7866211637896762, 1.532904251840473, 1.0660659739696503, -0.38085305947581266, -0.7527227472043372, 0.9897537124704654, 0.9305576003448658, -0.022454034212215326, -0.8647832222833324, 1.443045722896687, 0.9082146362007508, 0.06608249638066191, -0.6871629696259159, 0.7570505437087652, 0.7969359722982423, 0.12864327728851244, -0.7139659560853868, 1.4389680383245673, 0.8319659783412696, -0.030396899608086246, -0.6269462872121975, 0.932686265464816, 0.5772462093063664, -0.149562024726997, -0.8831526955009616, 1.6328945011898388, 0.917009694029073, -0.19541197879148195, -0.8908604752970608, 0.7584478812771359, 0.4889936283696742, -0.09610951437726843, -0.8776488274084857, 1.699670552872197, 0.7128906322655377, -0.011074056332976909, -0.8380657823800028, 0.7897865940766557, 0.4695758577032937, -0.047986851598085065, -0.7012513273514149, 1.5854381186612567, 0.7810459183347318, -0.06532976391273237, -0.6485890610672855, 0.9273290367715813, 0.38621171047404673, -0.026866071346018164, -0.8155261347190176, 1.610673867395555, 0.5682958948967437, -0.047822730243770435, -0.775616673740938, 0.7934698510350076, 0.2881987509323267, -0.044548375182608395, -0.6266694341940088, 1.3306274841709738, 0.49430632554761933, -0.09083852765850994, -0.8168781656543033, 0.7776447982436338, 0.26266064194184285, -0.2654138661788909, -0.7793148696620749, 1.657199356903079, 0.3332953069484935, -0.1327062971269363, -0.7235958598178982]]
recovered trajectories
Any[[0.016458676994239748, 1.9667461916761393, 0.22917353988799188, -0.465076162445111, 2.4901631109020625, 1.9881547214762418, -0.19673778198261338, -0.23690557452746744, 0.04477350967011762, 1.9106759786519312, 0.337123113632827, -0.6563280939832736, 2.461587413633747, 1.9540767038428584, -0.374776163407713, -0.444654782218389, 0.08286275908714198, 1.8393828186883614, 0.42466187471110556, -0.7695351012017541, 2.4163465575948697, 1.901077260384103, -0.5300409573940914, -0.6153340910705118, 0.12873903494837458, 1.7609060634197606, 0.4928636425173467, -0.8000000000476213, 2.3569733672801663, 1.8333865302087118, -0.6574228489245487, -0.7384805165945743, 0.18053283756625274, 1.680906063210747, 0.5430124098445772, -0.8000000000205454, 2.286586440473756, 1.756462504591641, -0.7503156872285691, -0.7999999999502596, 0.23651124859431044, 1.6009060630023562, 0.5765558107217205, -0.8000000000206136, 2.209070656113608, 1.676462504804976, -0.799999999999672, -0.7999999999790333, 0.2950921968247408, 1.5209060627933222, 0.5950631538930437, -0.8000000000206731, 2.1290706561148953, 1.5964625050176584, -0.7999999999998736, -0.7999999999789658, 0.35485478031017603, 1.4409060625837251, 0.6001885158230541, -0.8000000000207255, 2.0490706561161782, 1.5164625052309182, -0.7999999999998731, -0.7999999999789165, 0.4145461702539331, 1.3609060623736358, 0.5936392830609383, -0.8000000000207708, 1.9690706561174665, 1.4364625054445999, -0.7999999999998726, -0.7999999999788804, 0.4730856561723882, 1.2809060621631154, 0.5771504353186614, -0.8000000000208108, 1.8890706561187585, 1.3564625056585888, -0.7999999999998723, -0.7999999999788541, 0.5295664161768199, 1.2009060619522167, 0.5524647647822867, -0.8000000000208457, 1.8090706561200698, 1.2764625058728027, -0.799999999999524, -0.799999999978835, 0.583255610902962, 1.120906061740988, 0.5213191297548267, -0.8000000000208766, 1.729403457196575, 1.1964625060871812, -0.7933439784956929, -0.7999999999788209, 0.6335934041891828, 1.0409060615294712, 0.4854367359859098, -0.800000000020903, 1.6522715694800032, 1.1164625063016793, -0.7492937758612539, -0.7999999999788109, 0.6801915069635027, 0.9609060613177, 0.4465253195189155, -0.8000000000209265, 1.5815538098310822, 1.0364625065162647, -0.6650614171429069, -0.7999999999788032, 0.722831820995939, 0.8809060611057078, 0.40628096115034174, -0.8000000000209471, 1.5213158298550105, 0.956462506730914, -0.5396981824045445, -0.7999999999787979, 0.7614657232017208, 0.8009060608935218, 0.3663970829878823, -0.8000000000209652, 1.4755325783682514, 0.8764625069456102, -0.37596684735693653, -0.7999999999787938, 0.7962144747475962, 0.7209060606811662, 0.32857794795415285, -0.8000000000209807, 1.4475636368151705, 0.7964625071603406, -0.18341198373124393, -0.7999999999787909, 0.8273711564691377, 0.6409060604686618, 0.29455568650296743, -0.8000000000209945, 1.439230377561809, 0.7164625073750958, 0.016746798637236236, -0.7999999999787888, 0.8554044153640048, 0.5609060602560271, 0.26610949142218054, -0.8000000000210095, 1.4492670328219268, 0.6364625075898693, 0.18398630653819817, -0.7999999999787841, 0.8809400856627116, 0.48090606004322217, 0.24460391459733782, -0.8000000000209463, 1.4717084380792207, 0.5564625078047128, 0.2648417985643012, -0.7999999999788558, 0.9046443974582742, 0.4009060598311921, 0.22948232125754062, -0.8000000000340156, 1.4978613308577164, 0.47646250801801926, 0.2582160570647483, -0.7999999999792508, 0.9270661852199373, 0.3209060596259975, 0.2189534338969368, -0.8000000000242088, 1.5222114856523483, 0.3964625082248298, 0.22878703890968627, -0.7999999999806724, 0.9486231221914178, 0.24090605944459673, 0.21218530569154442, -0.800000000002323, 1.5441916749798807, 0.31646250840926543, 0.21081674748489812, -0.7999999999848724, 0.9696723036045806, 0.16092597517096469, 0.208798322357025, -0.799601683091828, 1.5646895532998961, 0.2364625085309214, 0.19914081913228812, -0.7999999999939854, 0.990505733832988, 0.08097702505039288, 0.20787028221272288, -0.7993773193355264, 1.584262994982107, 0.15646250853122004, 0.19232801451155823, -0.8000000000000002],
[0.01608702924767509, 1.9684222891812166, 0.22174058495365007, -0.43155421634782326, 2.490762113015725, 1.9877685123011226, -0.18475773968589132, -0.24462975401433795, 0.04339941967513697, 1.916340694757448, 0.32450722359573814, -0.6100776720995268, 2.4638153864519463, 1.9526139221218464, -0.3541767915900602, -0.45846204960821674, 0.08006771448973168, 1.84918858696678, 0.4088586726963136, -0.732964483685562, 2.420873374554921, 1.8980968774881009, -0.504663446350843, -0.6318788431040461, 0.12429077159656113, 1.7726722864575715, 0.47560246944044543, -0.7973615264700342, 2.3640581185685474, 1.8289143177534894, -0.6316416733770341, -0.7517723516259168, 0.17435854334127648, 1.6928042101326035, 0.5257529654540503, -0.8000000000003862, 2.296021593835709, 1.7513257001741236, -0.7290888212801372, -0.7999999999995558, 0.22867079100425056, 1.612804210131132, 0.5604919878056457, -0.8000000000001445, 2.2201223357200908, 1.6713257001760597, -0.788896341032644, -0.7999999999998095, 0.28575202753387763, 1.5328042101296633, 0.581132742787146, -0.8000000000001456, 2.1406775186684803, 1.5913257001779895, -0.7999999999999939, -0.799999999999809, 0.34426303943283776, 1.4528042101281866, 0.5890874951923459, -0.8000000000001461, 2.0606775186685016, 1.511325700179924, -0.7999999999999979, -0.7999999999998088, 0.4030093880158662, 1.3728042101267033, 0.5858394764685613, -0.8000000000001467, 1.9806775186685233, 1.4313257001818618, -0.7999999999999976, -0.7999999999998083, 0.4609473317430785, 1.2928042101252142, 0.5729193980760736, -0.8000000000001474, 1.9006775186685445, 1.351325700183802, -0.7999999999999976, -0.7999999999998083, 0.5171876451017715, 1.2128042101237193, 0.5518868690982343, -0.8000000000001478, 1.8206775186685662, 1.271325700185744, -0.7999999999999977, -0.7999999999998079, 0.5709978353425008, 1.1328042101222204, 0.5243169357168561, -0.8000000000001483, 1.7406775186685892, 1.1913257001876874, -0.7999999999999688, -0.7999999999998078, 0.6218032755846841, 1.0528042101207178, 0.4917918691273752, -0.8000000000001485, 1.6625085739953382, 1.1113257001896315, -0.7633788934654802, -0.7999999999998079, 0.6691877800635222, 0.9728042101192115, 0.45589822045002404, -0.8000000000001489, 1.5900296503536901, 1.031325700191576, -0.6861995793679124, -0.7999999999998078, 0.7128941424158143, 0.8928042101177026, 0.4182290265965108, -0.800000000000149, 1.527421822366185, 0.9513257001935221, -0.5659569803826228, -0.7999999999998079, 0.7528251376285185, 0.8128042101161911, 0.38039087765832674, -0.8000000000001495, 1.4789489297307528, 0.8713257001954677, -0.40350087232645276, -0.7999999999998081, 0.7890454479584923, 0.732804210114629, 0.34401532894195125, -0.8000000000011158, 1.4484577644966163, 0.7913257001974137, -0.20632243235671308, -0.7999999999998079, 0.8217849064341384, 0.6530475787151322, 0.3107738405718223, -0.7951326279597758, 1.438441412052697, 0.7113257001993599, 0.0059953834778825755, -0.7999999999998078, 0.8514433500630546, 0.5739861056975464, 0.2823950320073846, -0.7860968323626208, 1.4483896845430226, 0.6313257002013061, 0.1929700663281994, -0.7999999999998144, 0.8785901789151599, 0.49593555863166866, 0.2605415450083137, -0.7749141089277407, 1.4723232467409855, 0.5513257002031199, 0.2857011776579445, -0.7999999999998261, 0.9038639764931863, 0.4190124199045069, 0.24493440650761375, -0.7635486655895936, 1.5003634353530722, 0.4713257002048305, 0.27510259462888886, -0.7999999999997832, 0.9278019449654237, 0.343147688461844, 0.23382496311629086, -0.7537459632172998, 1.5263295382144126, 0.3913257002075088, 0.2442194624192596, -0.7999999999997627, 0.9508237475554631, 0.26812796294269703, 0.22661108874606203, -0.7466485471288352, 1.5498807271207373, 0.3113257002096302, 0.2268043156461365, -0.799999999999855, 0.9733023957996418, 0.19366045421255063, 0.22296187596323921, -0.7427016274615612, 1.571995152092434, 0.2313257002104444, 0.21548418396245556, -0.7999999999999599, 0.9955476742104497, 0.11945047468756653, 0.22194369225323138, -0.7414979630399391, 1.5931966393965038, 0.1513257002104464, 0.2085455621188583, -0.8],
[0.01605436961524799, 1.9680259630733077, 0.2210873922964844, -0.4394807385929916, 2.4882078511261954, 1.9849903132728544, -0.2358429774889465, -0.3001937344765297, 0.04327171646849122, 1.914960534605582, 0.3232595447598746, -0.6218278308210238, 2.4544296320598837, 1.942828619096037, -0.4397214038502277, -0.543040148993047, 0.07978058410468926, 1.846700650281274, 0.40691780795558574, -0.7433698557250767, 2.402147853094251, 1.8799132605008972, -0.605914175475531, -0.7152670228424698, 0.12376148122610889, 1.769532157498079, 0.4727001344643695, -0.7999999999993094, 2.3354779759224416, 1.804149909355344, -0.7274833679739588, -0.8000000000007307, 0.17346855032727435, 1.6895321575011446, 0.5214412475506509, -0.7999999999996987, 2.2593135200712773, 1.7241499093519057, -0.7958057490629014, -0.8000000000003381, 0.22724741291026998, 1.609532157504201, 0.5541360041012331, -0.7999999999996977, 2.179523232618832, 1.6441499093484782, -0.7999999999998322, -0.8000000000003389, 0.2835495641315125, 1.529532157507267, 0.5719070203159811, -0.7999999999996968, 2.0995232326195383, 1.564149909345043, -0.7999999999999303, -0.8000000000003396, 0.3409437995298915, 1.449532157510341, 0.5759776876445154, -0.7999999999996963, 2.0195232326202466, 1.484149909341603, -0.7999999999999299, -0.8000000000003401, 0.39812527375896023, 1.3695321575134212, 0.5676517969305063, -0.7999999999996958, 1.9395232326209595, 1.4041499093381589, -0.7999999999999294, -0.8000000000003404, 0.45392291923471917, 1.2895321575165073, 0.5483011125792445, -0.7999999999996951, 1.8595232326216762, 1.3241499093347118, -0.7999999999999292, -0.800000000000341, 0.5073060946635513, 1.2095321575195979, 0.5193623959931042, -0.7999999999996947, 1.779523232622395, 1.244149909331262, -0.7999999999999292, -0.800000000000341, 0.5573914927731117, 1.1295321575226929, 0.48234556619516167, -0.7999999999996942, 1.6995232326231553, 1.1641499093278107, -0.7999999999991538, -0.8000000000003412, 0.6034515160638376, 1.0495321575257912, 0.43885489961797514, -0.799999999999694, 1.6212747420622275, 1.084149909324358, -0.7649698112329301, -0.8000000000003412, 0.6449255310319283, 0.9695321575288929, 0.39062539974422655, -0.7999999999996936, 1.5484166181221986, 1.004149909320904, -0.6921926675814378, -0.8000000000003413, 0.6814356356872222, 0.889532157531997, 0.33957669336399304, -0.7999999999996935, 1.4846596568026227, 0.9241499093174493, -0.582946558824458, -0.8000000000003413, 0.7128088207394448, 0.8095321575351034, 0.2878870076849064, -0.7999999999996933, 1.4334363370291696, 0.8441499093139939, -0.4415198366599081, -0.8000000000003412, 0.7391076668273997, 0.7295321575382121, 0.23808991408085298, -0.799999999999693, 1.397508733717679, 0.7641499093105382, -0.27703222958635915, -0.8000000000003414, 0.7606719894305564, 0.6495321575413219, 0.19319653799119615, -0.799999999999693, 1.3783514132119952, 0.684149909307082, -0.10611418054489724, -0.8000000000003415, 0.7781741056088652, 0.5695321575444343, 0.15684578558609993, -0.7999999999996683, 1.3752062866962342, 0.6041499093036243, 0.04321165021139071, -0.800000000000366, 0.7926404291277699, 0.4895321575481061, 0.13248068504495036, -0.7999999999982486, 1.384097903057101, 0.5241499092997742, 0.1346206767478025, -0.7999999999983939, 0.805244448982998, 0.4096865379418153, 0.11959971224406428, -0.7969123922059393, 1.3987023028874215, 0.44414990929548887, 0.15746731967110209, -0.7999999999988401, 0.8169073379544682, 0.33020776399931023, 0.11365806720673757, -0.7926630867335598, 1.413666342179969, 0.3641499092904555, 0.14181346615717672, -0.8000000000012145, 0.8281363184824944, 0.251131121460037, 0.1109215432032948, -0.788869764133188, 1.4267333262477708, 0.2841499092857183, 0.11952621534926153, -0.800000000002972, 0.8391726484867105, 0.17236290245077512, 0.10980505662306889, -0.786494616104969, 1.437917055841092, 0.20414990928260474, 0.10414837677559358, -0.800000000001264, 0.850142178838501, 0.09375239319803592, 0.10958555041379778, -0.7857155689478773, 1.4480228120867047, 0.12414990928256682, 0.09796674813606641, -0.799999999999493],
[0.01653604229421899, 1.9674459320343822, 0.2307208458844391, -0.45108135921870285, 2.490100451596943, 1.9862642510385806, -0.1979909680612731, -0.27471497933053896, 0.04508596877154457, 1.9130374917055073, 0.3402776836621341, -0.6370874472645874, 2.4613217576106288, 1.9471272735284626, -0.37758291166513513, -0.5080245709746356, 0.08357149439425696, 1.843451183660811, 0.4294328287921819, -0.7546387135344313, 2.4157269682620326, 1.8873951002776357, -0.5343128753069283, -0.6866188941456158, 0.13000385487434865, 1.7657192479792463, 0.4992143808097346, -0.8000000000011044, 2.3558889578702313, 1.8134482584782345, -0.6624473325292453, -0.7923179419472016, 0.18250791419704437, 1.6857192479743925, 0.5508668056442846, -0.8000000000004773, 2.285046119397318, 1.7338323613862336, -0.7544094369291521, -0.7999999999987608, 0.23934151574716755, 1.6057192479695523, 0.5858052253583145, -0.8000000000004788, 2.2073256475508676, 1.65383236139161, -0.7999999999999984, -0.7999999999994718, 0.298910479179424, 1.5257192479646973, 0.6055740432869924, -0.8000000000004803, 2.127325647550876, 1.5738323613969694, -0.7999999999999994, -0.7999999999994702, 0.35977970253870584, 1.4457192479598295, 0.6118104238988735, -0.8000000000004814, 2.0473256475508834, 1.4938323614023425, -0.7999999999999992, -0.7999999999994688, 0.4206808759250807, 1.3657192479549505, 0.6062130438289106, -0.8000000000004824, 1.9673256475508907, 1.4138323614077253, -0.7999999999999989, -0.7999999999994681, 0.48051734969389703, 1.2857192479500614, 0.5905164315477739, -0.8000000000004833, 1.8873256475508988, 1.3338323614131153, -0.7999999999999993, -0.7999999999994676, 0.5383667270170597, 1.2057192479451635, 0.566471114915911, -0.8000000000004842, 1.8073256475509063, 1.2538323614185103, -0.7999999999999973, -0.7999999999994671, 0.5934817674594174, 1.1257192479402585, 0.5358296939317593, -0.800000000000485, 1.7277170078427249, 1.1738323614239086, -0.7921727941637702, -0.7999999999994666, 0.6452901943671806, 1.0457192479353472, 0.5003388442241082, -0.8000000000004854, 1.6509281915484049, 1.0938323614293097, -0.7436035317227753, -0.7999999999994665, 0.6933939929441103, 0.9657192479304301, 0.4617371273151808, -0.8000000000004862, 1.5812052407234185, 1.0138323614347127, -0.6508554847770973, -0.7999999999994664, 0.737568765626487, 0.885719247925508, 0.42175832633314053, -0.8000000000004865, 1.5230216842876496, 0.9338323614401175, -0.512815643938436, -0.7999999999994661, 0.7777636733539005, 0.8057192479205816, 0.38213982821601594, -0.8000000000004868, 1.480721443134651, 0.8538323614455228, -0.33318917912168683, -0.7999999999994661, 0.8141024307828142, 0.7257192479156516, 0.34463532036323125, -0.8000000000004872, 1.457828772834926, 0.7738323614509292, -0.12466422687296787, -0.7999999999994661, 0.8468857339521396, 0.6457192479107179, 0.3110307430243367, -0.8000000000004875, 1.455812288977134, 0.6938323614563358, 0.08433454971697887, -0.7999999999994662, 0.8765953719599681, 0.565719247905679, 0.2831620171333702, -0.8000000000025355, 1.4719758672339072, 0.6138323614617425, 0.23893701541832932, -0.7999999999994685, 0.9038491473417757, 0.4857270338163013, 0.2619134904937566, -0.7998442816901746, 1.4984499260908537, 0.5338323614671039, 0.29054416173068304, -0.7999999999994714, 0.9292597475434997, 0.4058964493896408, 0.2462985135297533, -0.7967674067478105, 1.5264023844905068, 0.4538323614724498, 0.2685050062744691, -0.7999999999994327, 0.9533274985838519, 0.3264227278061916, 0.2350565074677672, -0.7927070248088267, 1.551829532229099, 0.3738323614785908, 0.24003794830801473, -0.7999999999994382, 0.97646995185594, 0.24733162441567447, 0.22779255798631745, -0.7891150429054175, 1.5751135110527519, 0.29383236148381936, 0.22564162815376693, -0.7999999999995829, 0.9990670223944365, 0.16853236308878625, 0.22414885259666237, -0.7868701835738995, 1.597154774531486, 0.21383236148703053, 0.21518364160871023, -0.7999999999998415, 1.021431811573136, 0.08988194195958707, 0.22314693097793303, -0.7861382390127775, 1.6182853569729194, 0.13383236148703842, 0.20742800721984364, -0.8]]
baseline recovered trajectories
Any[[0.027165901329116067, 1.965547488389246, 0.4433180265822975, -0.48905023221527105, 2.4799103072671067, 1.9664188872829103, -0.40179385465782086, -0.6716222543416904, 0.08255728771291226, 1.9073393556144178, 0.6645097010936025, -0.6751124232814746, 2.4269118905515557, 1.8928377745658198, -0.6581744796531394, -0.8000000000000008, 0.1547130707185857, 1.8348946485125144, 0.7786059590198432, -0.7737817187567854, 2.354721949055413, 1.812837774565814, -0.7856243502696536, -0.8000000000000003, 0.23364336866957913, 1.756205562574685, 0.8000000000000003, -0.7999999999999975, 2.2754407315419276, 1.7328377745658086, -0.8000000000000006, -0.8000000000000004, 0.31364336866958054, 1.6762055625746948, 0.8, -0.7999999999999957, 2.195440731541925, 1.6528377745658027, -0.8000000000000004, -0.8000000000000004, 0.3936433686695815, 1.5983787849194606, 0.7999999999999999, -0.756535553104888, 2.115440731541922, 1.572837774565797, -0.8, -0.8000000000000004, 0.47364336866958273, 1.5265118720436859, 0.8, -0.6808027044108019, 2.0354407315419194, 1.492837774565792, -0.7999999999999999, -0.8000000000000004, 0.5536433686695841, 1.4632389058961197, 0.7999999999999999, -0.5846566185407067, 1.9554407315419162, 1.4128377745657859, -0.8000000000000002, -0.8000000000000004, 0.6336433686695853, 1.4100422369329717, 0.800000000000002, -0.4792767607224551, 1.8754407315419133, 1.3328377745657802, -0.8000000000000002, -0.8000000000000004, 0.7126864018394486, 1.367315386496442, 0.7808606633972416, -0.37526024800834684, 1.7954407315419112, 1.2528377745657744, -0.8000000000000003, -0.8000000000000005, 0.789115453528482, 1.334416145103351, 0.7477203703834044, -0.28272457985368366, 1.7154407315419078, 1.1728377745657688, -0.8000000000000032, -0.8000000000000005, 0.8619339552032932, 1.3097094598479468, 0.7086496631127929, -0.21140912525462233, 1.6360234740533675, 1.0928377745657627, -0.7883451497707485, -0.8000000000000005, 0.9309150806575787, 1.2906007424065238, 0.6709728459728906, -0.17076522357407492, 1.5580691994175433, 1.0128377745657569, -0.7707403429456721, -0.8000000000000005, 0.9965289842170015, 1.2735612243697583, 0.6413052252155365, -0.17002513716147483, 1.4817769619109202, 0.9328377745657487, -0.7551044071867388, -0.8000000000000005, 1.059866462643466, 1.2541530314174179, 0.6254443433137243, -0.2181387218856166, 1.4065997341035092, 0.852837774565741, -0.7484401489614233, -0.8000000000000006, 1.1225089151120893, 1.2271182888330363, 0.6274047060586962, -0.32255612980223175, 1.331384989273495, 0.7728377745657348, -0.7558547476387975, -0.7999999999999932, 1.1857137006602099, 1.1879857368972113, 0.6366910049027006, -0.46009490891151367, 1.2552010764894908, 0.6928377745658783, -0.7678235080402595, -0.7999999999999927, 1.2495353752823746, 1.135826570421654, 0.6397424875408078, -0.5830884205997248, 1.1782284743808866, 0.6128377745658785, -0.7716285341319982, -0.7999999999999998, 1.3133540859657478, 1.073065756760933, 0.6366317261268074, -0.672127852614807, 1.1012443174710262, 0.5328377745658786, -0.7680546040653525, -0.7999999999999998, 1.3767130159383234, 1.0028471662914775, 0.6305468733248187, -0.7322439567743975, 1.0247980625360933, 0.4528377745658786, -0.7608704946333981, -0.7999999999999998, 1.4394301816122759, 0.9277554505726247, 0.6237964401543227, -0.7695903576027461, 0.9491128339479958, 0.37283777456587863, -0.7528340771286356, -0.7999999999999998, 1.5015139667229236, 0.8497733937163741, 0.6178792620587152, -0.7900507795223369, 0.8741829665751623, 0.2928377745658788, -0.7457632703280989, -0.7999999999999998, 1.5630914383122299, 0.7703336758356207, 0.6136701697274688, -0.7987435780927803, 0.799858657182309, 0.2128377745658787, -0.7407229175290183, -0.7999999999999998, 1.6243462311769288, 0.6903964969309834, 0.6114256875665615, -0.8000000000000022, 0.7259209317486199, 0.13283777456587875, -0.7380315911447961, -0.7999999999999999, 1.6854569244882405, 0.610396496930984, 0.610788178659693, -0.7999999999999998, 0.6521560245206459, 0.05283777456587874, -0.7372665534147035, -0.8],
[0.02718924249738089, 1.9655558487732216, 0.44378484994758116, -0.4888830245355366, 2.4799313172897604, 1.9664187715937447, -0.4013736542047565, -0.6716245681250539, 0.08263416461935405, 1.9073670194113475, 0.6651135924918604, -0.674893562701935, 2.4269815525195644, 1.8928375431874942, -0.6576216411991718, -0.7999999999999674, 0.1548420994870197, 1.8349413118918274, 0.779045104861446, -0.7736205876884711, 2.3548397118545656, 1.8128375431875006, -0.7852151721007865, -0.7999999999999365, 0.2337943547300918, 1.756260282507404, 0.7999999999999955, -0.7999999999999968, 2.2755789532495267, 1.7328375431875136, -0.7999999999999874, -0.7999999999999398, 0.31379435473009115, 1.676260282507405, 0.7999999999999915, -0.7999999999999948, 2.1955789532495342, 1.652837543187521, -0.7999999999999894, -0.7999999999999429, 0.3937943547300903, 1.598446620284093, 0.799999999999993, -0.7562732444662541, 2.1155789532495404, 1.572837543187533, -0.799999999999991, -0.799999999999946, 0.4737943547300897, 1.5266147531551018, 0.7999999999999946, -0.6803640981135791, 2.035578953249541, 1.4928375431875396, -0.7999999999999927, -0.7999999999999489, 0.5537943547300892, 1.4633904369165478, 0.7999999999999959, -0.5841222266575135, 1.955578953249542, 1.4128375431875517, -0.7999999999999943, -0.7999999999999517, 0.6337943547300837, 1.4102482248388426, 0.7999999999999993, -0.4787220148967619, 1.8755789532495475, 1.3328375431875574, -0.7999999999999957, -0.7999999999999545, 0.7128592584400592, 1.3675743233445825, 0.7812980741995096, -0.37475601498845057, 1.7955789532495479, 1.2528375431875685, -0.799999999999997, -0.7999999999999571, 0.7893496282972291, 1.3347196376690675, 0.748509322943888, -0.2823376985218443, 1.715578953249548, 1.1728375431875733, -0.7999999999999988, -0.7999999999999596, 0.8622616292475992, 1.310042608035458, 0.7097306960636411, -0.21120289415035023, 1.6361887675894389, 1.0928375431875783, -0.7878037132021858, -0.7999999999999621, 0.931363770627543, 1.290942474730398, 0.6723121315352376, -0.1707997719508495, 1.5583070817805496, 1.012837543187588, -0.769830002975754, -0.7999999999999828, 0.9971240520354793, 1.2738846053235793, 0.6428934966234952, -0.1703576161855208, 1.4821161818649584, 0.9328375431875906, -0.7539879953360666, -0.799999999999984, 1.0606334844797292, 1.2544255834880094, 0.6272951522615029, -0.21882282052586685, 1.407053219140552, 0.8528375431875946, -0.747271259152076, -0.7999999999999852, 1.1234759365635223, 1.2273023990872212, 0.6295538894143279, -0.3236408674898565, 1.331950662553909, 0.772837543187571, -0.7547798725808109, -0.79999999999999, 1.1869060394399267, 1.1880587212376277, 0.6390481681137584, -0.46123268950198865, 1.2558698431912676, 0.6928375431875505, -0.7668365146719934, -0.7999999999999943, 1.2509669875212863, 1.1358004150375651, 0.6421707935134079, -0.5839334344992103, 1.1789953346830546, 0.6128375431875518, -0.7706536554922908, -0.7999999999999955, 1.315030260050214, 1.072967312555082, 0.6390946570651446, -0.6727286151504376, 1.102107825407332, 0.5328375431875282, -0.7670965300221604, -0.7999999999999916, 1.3786360714671966, 1.0026984342372192, 0.6330215712745133, -0.732648951206823, 1.0257564436407376, 0.4528375431875289, -0.7599311053097326, -0.7999999999999933, 1.4416006114010556, 0.9275737108017444, 0.6262692274026667, -0.769845517502672, 0.9501643194690852, 0.3728375431875295, -0.7519113781233051, -0.7999999999999947, 1.5039312945861592, 0.8495717332460343, 0.6203444362994553, -0.7901940336115277, 0.875326070610573, 0.2928375431875299, -0.7448535990469402, -0.799999999999996, 1.5657548930360927, 0.7701218022853592, 0.6161275326992207, -0.7988045856019772, 0.8010922973182435, 0.2128375431875303, -0.73982186679965, -0.7999999999999974, 1.6272551736674494, 0.6901815730052604, 0.6138780799279181, -0.8, 0.727244457978792, 0.1328375431875305, -0.7371349199894408, -0.7999999999999997, 1.688611028759656, 0.6101815730052604, 0.6132390219162158, -0.8, 0.6535691575212549, 0.05283754318753053, -0.736371089161303, -0.8],
[0.027146209350629846, 1.9655678053573151, 0.4429241870039723, -0.48864389285813953, 2.4799674980431434, 1.966454506504681, -0.40065003912737235, -0.6709098699078271, 0.08249312498722287, 1.9074049866628247, 0.6640141257192137, -0.6746124810361414, 2.4270999858918914, 1.8929090130093629, -0.6567002038878373, -0.799999999999988, 0.15460664762975565, 1.8350024608424063, 0.7782563271227105, -0.7734380353767254, 2.355037154215297, 1.8129090130094356, -0.7845564296341722, -0.7999999999999933, 0.23351946398633644, 1.7563305590737988, 0.8000000000001072, -0.7999999999999446, 2.2758093327330853, 1.732909013009507, -0.8000000000001205, -0.799999999999993, 0.3135194639867822, 1.6763305590740312, 0.8000000000000442, -0.7999999999998965, 2.1958093327325807, 1.6529090130095758, -0.8000000000000503, -0.7999999999999933, 0.39351946398722665, 1.5984737788217256, 0.8000000000000442, -0.757135605050641, 2.1158093327320784, 1.5729090130096417, -0.8000000000000497, -0.7999999999999936, 0.47351946398767336, 1.52651680689881, 0.8000000000000441, -0.6820038334121348, 2.0358093327315743, 1.492909013009704, -0.80000000000005, -0.7999999999999942, 0.5535194639881225, 1.4630967629836176, 0.8000000000000466, -0.5863970448961774, 1.9558093327310668, 1.4129090130097617, -0.8000000000000502, -0.7999999999999946, 0.6335194639885852, 1.4097053750272608, 0.8000000000002532, -0.48143071423535677, 1.8758093327305567, 1.332909013009814, -0.8000000000000506, -0.799999999999995, 0.7125706771003091, 1.3667520263655608, 0.7810242622254185, -0.3776362590029186, 1.7958093327300428, 1.2529090130098604, -0.800000000000053, -0.7999999999999959, 0.7890191849621737, 1.3336170447611646, 0.7479458950029533, -0.28506337308906443, 1.7158093327295152, 1.1729090130099002, -0.8000000000002414, -0.7999999999999965, 0.8618560625462836, 1.308694810670265, 0.7087916566701925, -0.21338130873270886, 1.636435679186659, 1.0929090130099328, -0.7874730708467272, -0.7999999999999972, 0.9308377393121491, 1.2894272936290851, 0.6708418786379541, -0.17196903209431372, 1.558612476718932, 1.0129090130099572, -0.7689909784975026, -0.799999999999998, 0.9964132232217764, 1.2723296139955864, 0.6406677995452982, -0.1699845605786773, 1.482542949710317, 0.932909013009976, -0.7523995616643441, -0.7999999999999977, 1.059647728323902, 1.2530152635983098, 0.6240223024871175, -0.21630244736881898, 1.407691490342988, 0.8529090130100141, -0.7446296256709813, -0.7999999999999943, 1.1220923742582243, 1.2262851155393126, 0.6248706161885825, -0.31830051381247504, 1.3329243207345878, 0.7729090130100553, -0.7507137664851327, -0.7999999999999541, 1.1849989935879062, 1.1876530560863436, 0.6332617703965076, -0.45434067523420685, 1.2573061982244613, 0.6929090130107656, -0.7616486837077329, -0.7999999999999579, 1.2484567907225421, 1.1360704971974722, 0.6358941723016979, -0.5773105025425376, 1.1809759998268845, 0.6129090130108458, -0.764955284248199, -0.7999999999999836, 1.311876482402324, 1.073868167163727, 0.6324996612978592, -0.6667360981316466, 1.1046752362297476, 0.5329090130109067, -0.761059987697421, -0.7999999999999949, 1.3748128860376767, 1.0041537026433167, 0.6262284114113521, -0.7275531922758868, 1.0289382977994206, 0.4529090130109501, -0.7536787809103094, -0.7999999999999962, 1.4370926533514232, 0.9294842606060472, 0.6193669348655356, -0.7658356484688054, 0.9539775797086016, 0.37290901301098645, -0.7455355809071545, -0.7999999999999967, 1.4987305206751995, 0.8518215250120637, 0.6133904116116985, -0.7874190634102328, 0.8797800224128732, 0.29290901301101585, -0.7384155650083687, -0.7999999999999976, 1.5598577629271098, 0.7725817031959045, 0.609154433427888, -0.7973773729124326, 0.80619133820463, 0.2129090130110376, -0.7333581191572781, -0.7999999999999982, 1.6206605229256668, 0.6927128345502656, 0.6069007665442493, -0.799999999999993, 0.7329902473423099, 0.13290901301105223, -0.7306636980896853, -0.7999999999999989, 1.6813186376118365, 0.6127128345502568, 0.6062615271796781, -0.8000000000000016, 0.6599621220545389, 0.05290901301105954, -0.7298988076660388, -0.7999999999999997],
[0.027122406304862685, 1.9655876587514698, 0.44244812608326856, -0.4882468249815484, 2.4800992031020126, 1.966452423619535, -0.3980159379446159, -0.6709515276104107, 0.08241624245967838, 1.907467975393675, 0.6634285969989796, -0.6741468421853485, 2.4275334313449264, 1.8929048472390708, -0.6532994971819108, -0.79999999999999, 0.154480370653868, 1.8351038061293479, 0.7778539668706548, -0.7731365431122608, 2.355764020144717, 1.8129048472391254, -0.7820887268069547, -0.7999999999999954, 0.23337306899812246, 1.7564469789742987, 0.8000000000001734, -0.7999999999998634, 2.2766595838035903, 1.7329048472391761, -0.8000000000001868, -0.7999999999999954, 0.31337306899884504, 1.6764469789748726, 0.8000000000000719, -0.7999999999997491, 2.19665958380281, 1.6529048472392232, -0.8000000000000778, -0.7999999999999957, 0.39337306899956537, 1.5985149192800183, 0.8000000000000712, -0.7586411939082646, 2.1166595838020315, 1.5729048472392642, -0.800000000000077, -0.7999999999999964, 0.4733730690002891, 1.526339518736393, 0.8000000000000719, -0.6848668169752519, 2.0366595838012502, 1.4929048472392976, -0.8000000000000774, -0.799999999999997, 0.5533730690010171, 1.4625775601520818, 0.8000000000000753, -0.5903723547220044, 1.9566595838004641, 1.412904847239323, -0.8000000000000778, -0.7999999999999983, 0.633373069001768, 1.4087502621228225, 0.800000000000436, -0.48617360587414227, 1.8766595837996736, 1.3329048472393383, -0.8000000000000815, -0.7999999999999992, 0.7124564902186179, 1.3653066606859419, 0.7816684243223193, -0.38269842287425354, 1.7966595837988597, 1.252904847239342, -0.8000000000004389, -0.8000000000000004, 0.7889870201869922, 1.3316773243593683, 0.7489421750307329, -0.28988830366768076, 1.7166761908581218, 1.1729048472393335, -0.7996678587987955, -0.8000000000000016, 0.8619228430362132, 1.3063179401009328, 0.7097742819390549, -0.21729938151103262, 1.6374435368938023, 1.0929048472393106, -0.7849852204718658, -0.800000000000003, 0.9309800792887964, 1.2867433287229495, 0.6713704430977593, -0.17419284605804683, 1.5599731473904128, 1.0129048472392723, -0.7644225695799733, -0.8000000000000046, 0.9965599210075424, 1.2695534255712684, 0.6402263912620751, -0.16960521698428696, 1.4844686751372937, 0.9329048472392178, -0.7456668754662157, -0.8000000000000042, 1.0596720451127295, 1.250458831136491, 0.6220160908253776, -0.21228667171835705, 1.4104107488534685, 0.8529048472391872, -0.7354916501929103, -0.7999999999999992, 1.1218035943010032, 1.2243696662387393, 0.6206148929227038, -0.30949662624277924, 1.336697794322844, 0.7729048472391542, -0.7387674404010955, -0.7999999999998552, 1.1841969124004932, 1.1867545591694633, 0.6272514690368666, -0.44280551508627347, 1.2623791484490225, 0.692904847242193, -0.7476054770440672, -0.7999999999998489, 1.2470164578105574, 1.1363118273245278, 0.6291394391765255, -0.5660491218122004, 1.1874996543006953, 0.6129048472423547, -0.7499844059336304, -0.7999999999999791, 1.3097355406439581, 1.0751908841039433, 0.6252422175002967, -0.6563697425989826, 1.112724796971956, 0.5329048472424786, -0.7455127406490324, -0.7999999999999898, 1.3719296392001745, 1.0064455951654354, 0.6186397536290352, -0.7185360361707199, 1.0385594123590465, 0.45290484724256436, -0.7377949516133017, -0.799999999999992, 1.4334406577344028, 0.9325944878262574, 0.6115806170599969, -0.758486110612172, 0.9651954650873006, 0.37290484724263573, -0.7294839938253186, -0.7999999999999936, 1.494294598770975, 0.8555708633121033, 0.6054982036752827, -0.7819863796701823, 0.8926063390164574, 0.29290484724269283, -0.7222985275947151, -0.7999999999999949, 1.554630213182538, 0.7767691001568969, 0.601214084559046, -0.7940488834332906, 0.8206300402436352, 0.21290484724273567, -0.7172274478642653, -0.7999999999999965, 1.61463811156129, 0.6971213292326848, 0.5989438830181771, -0.7989065350504663, 0.7490418267278843, 0.13290484724276427, -0.7145368224525601, -0.799999999999998, 1.6745003809519237, 0.6171760024801478, 0.5983015047956516, -0.800000000000014, 0.6776262407744654, 0.05290484724277857, -0.713774896616774, -0.7999999999999993]]