b0.0 0.3396 0.3396 0.3396 0.3396 0.3396 0.3396 0.3396 0.3396 0.3396 0.3396 0.3396 0.3396 0.3396 0.3396 0.3396 0.3396 0.3396 0.3396 0.3396 0.3396 0.3396 0.3396 0.3396 0.3396 0.3396 0.3396 0.3396 0.3396 0.3396 0.3396 0.3396 0.3396 0.3396 0.3396 0.3396 0.3396 0.3396 0.3396 0.3396 0.3396 0.3396 0.3396 0.3396 0.3396 0.3396 0.3396 0.3396 0.3396 0.3396 0.3396
b0.002 0.3396 0.3396 0.3396 0.3396 0.3396 0.3396 0.3396 0.3396 0.3396 0.3396 0.3396 0.3397 0.3397 0.3396 0.3397 0.3396 0.3397 0.3396 0.3397 0.3396 0.3395 0.3396 0.3396 0.3396 0.3396 0.3397 0.3396 0.3396 0.3396 0.3396 0.3396 0.3396 0.3396 0.3396 0.3396 0.3396 0.3396 0.3396 0.3396 0.3396 0.3396 0.3407 0.3396 0.3396 0.3396 0.3396 0.3397 0.3396 0.3396 0.3396
b0.004 0.3396 0.3396 0.3396 0.3396 0.3397 0.3396 0.3395 0.3395 0.3396 0.3396 0.3395 0.3395 0.3395 0.3396 0.3395 0.3396 0.3395 0.3396 0.3396 0.3395 0.3397 0.3396 0.3396 0.3397 0.3397 0.3398 0.3396 0.3396 0.3395 0.3396 0.3396 0.3396 0.3396 0.3396 0.3397 0.3397 0.3396 0.3399 0.3396 0.3395 0.3396 0.3393 0.3397 0.3397 0.3397 0.3396 0.3396 0.3396 0.3395 0.3397
b0.006 0.3397 0.3398 0.3395 0.3399 0.3395 0.3397 0.3397 0.3396 0.3394 0.3395 0.3395 0.3395 0.3396 0.3397 0.3408 0.3396 0.3397 0.3396 0.3395 0.3395 0.3396 0.3395 0.3396 0.3397 0.3396 0.3395 0.3393 0.3395 0.3397 0.3397 0.3396 0.3394 0.3396 0.3397 0.3396 0.3397 0.3396 0.3399 0.3394 0.3396 0.3396 0.3397 0.3398 0.3399 0.3396 0.3395 0.3395 0.3394 0.3397 0.3396
b0.008 0.3397 0.3396 0.3408 0.3396 0.3395 0.3396 0.3396 0.3393 0.7654 0.3396 0.3397 0.3395 0.3393 0.3396 0.3398 0.3397 0.3397 0.3395 0.3394 0.3395 0.3399 0.3393 0.3396 0.3395 0.3395 0.3397 0.3395 0.3398 0.3396 0.3397 0.3398 0.3397 0.3395 0.3394 0.34 0.3395 0.3399 0.3396 0.3396 0.3398 0.3395 0.3397 0.34 0.3397 0.3395 0.3397 0.3396 0.3396 0.3399 0.3396
b0.01 0.3397 0.3398 0.3397 0.3393 0.3396 0.34 0.3398 0.3395 0.3402 0.3396 0.3395 0.3399 0.3393 0.3393 0.3397 0.3396 0.3395 0.3396 0.3396 0.3399 0.3396 0.3397 0.3397 0.3399 0.3394 0.3393 0.3394 0.3393 0.3398 0.3396 0.3397 0.3396 0.3397 0.3397 0.3398 0.3392 0.3397 0.3398 0.3401 0.3397 0.3392 0.3393 0.3398 0.3396 0.3393 0.3397 0.3398 0.3394 0.3393 0.3397
b0.012 0.3391 0.3395 0.3393 0.3395 2.4121 0.3393 0.3398 0.3396 0.3393 0.3395 0.3403 0.3397 0.3397 0.3398 0.3396 0.3399 0.3394 0.3392 0.3395 0.3398 0.3398 0.7666 0.3393 0.3394 0.3395 0.3401 0.3398 0.3398 0.3396 2.3531 0.3394 0.3397 0.3399 0.3395 0.3398 0.3392 0.3396 0.3396 0.3399 0.3402 0.3394 0.3398 0.3395 0.3397 0.3396 0.3397 0.3401 0.3398 0.3397 0.3396
b0.014 0.3401 0.3397 0.3393 2.3526 0.3395 0.3397 0.3397 0.3397 0.3398 0.3398 0.3394 0.3395 0.3397 0.34 0.3396 0.3403 0.3395 0.3396 0.3395 0.3396 2.4121 0.3398 0.3393 0.3396 0.3396 0.3398 0.3389 0.3399 0.3396 2.4131 0.34 0.3398 0.3396 0.3396 0.3398 0.3398 0.3393 0.3396 0.3395 0.3405 0.3393 0.7643 0.3397 0.3404 0.3404 0.3395 0.3397 0.7676 0.3393 0.3395
b0.016 0.3395 0.3392 0.3396 0.3399 0.3391 0.34 0.3396 0.3397 0.3398 0.3395 0.3401 0.3403 0.3393 0.3398 0.3397 0.3394 0.3398 0.3394 0.3391 0.3669 0.3404 0.3396 0.3393 0.3396 0.3398 0.3393 0.3399 0.3396 0.3399 0.3393 0.3397 0.3398 0.3395 0.3394 0.3391 2.3527 0.3399 0.3398 0.3399 0.3397 0.3397 0.3396 0.34 0.3399 2.4121 0.3403 0.3397 0.7656 0.3398 0.3392
b0.018000000000000002 2.3528 0.3399 0.7654 0.3396 0.3397 0.3395 0.3396 0.3397 0.3398 0.3403 0.3405 0.3397 0.3396 0.3389 0.3396 0.3392 0.3396 0.3396 0.3397 0.3398 0.34 0.3396 0.3395 0.3399 0.3398 2.3532 0.3403 0.3397 0.3402 0.34 0.3395 0.3397 0.3395 0.3393 0.34 0.3398 0.3398 0.3396 0.3409 2.3529 0.3393 2.3957 0.7545 0.3405 0.3399 0.3393 2.4119 0.3396 0.34 0.7653
b0.02 0.3395 0.3394 0.3397 0.3391 0.34 0.3393 0.3394 0.3397 0.3406 0.3403 0.3396 0.3395 0.34 0.3669 0.3402 0.3397 0.3392 0.34 0.3402 0.3399 0.3395 2.3528 0.3399 0.34 0.34 0.34 2.3515 0.3403 0.3401 2.3528 0.3397 0.7585 0.3399 0.3399 0.3399 0.3396 0.3404 0.3401 0.34 0.34 2.3528 0.34 0.3398 0.3412 0.3397 0.3394 0.3392 0.3398 0.3394 0.3396
b0.022 0.3397 2.3532 2.3529 0.3396 0.3397 0.3398 0.3393 0.3395 0.3401 0.7524 0.3398 0.3401 0.3401 0.3395 0.3401 0.3398 0.3392 0.34 0.3402 0.3396 0.3395 0.3399 0.3398 0.3398 0.3398 0.7633 0.3391 0.3406 0.3399 0.3397 0.3407 0.3391 0.3392 0.3396 0.3401 0.3398 0.3397 0.3398 0.7663 0.3395 0.3397 2.4126 0.3402 0.3397 0.3398 0.3543 0.3405 0.3412 2.3527 0.3398
b0.024 0.3392 0.34 0.7667 0.3396 2.4123 0.3401 0.3407 0.3392 0.3393 0.3394 0.7652 0.3398 0.3391 0.3399 0.3393 0.3396 0.3398 0.3668 2.3529 0.3399 0.3397 0.3398 0.3393 0.34 0.34 0.3398 0.3397 0.3396 0.3393 2.4125 0.3386 2.3958 0.3402 0.3396 0.3397 0.3391 0.3398 2.3513 0.3388 0.3397 0.3405 0.3398 0.3401 0.3403 0.3394 0.3405 0.3401 0.3399 0.3384 0.3392
b0.026000000000000002 0.34 0.3399 0.3395 0.3404 0.3396 0.3403 0.3396 0.3393 0.3401 0.76 0.3396 2.3528 0.3403 0.3396 0.3399 0.3395 0.3393 0.3391 0.3397 0.3401 0.3396 0.3398 0.3392 0.3404 0.3396 0.3407 0.3393 0.34 2.3528 0.3399 0.3394 0.3397 0.3391 0.3402 0.3401 0.3399 0.3393 0.3392 0.3404 0.3396 0.3394 0.3396 0.3403 0.7608 0.7596 0.3401 0.3398 0.3402 0.3399 0.3399
b0.028 0.3399 0.3398 0.3403 0.7653 0.3393 0.3413 0.3404 0.3396 0.3393 0.3406 2.4118 0.3392 0.3397 0.3409 2.4122 0.3395 0.34 0.3394 0.3404 0.3404 0.3406 0.3405 0.3402 0.3401 0.3407 0.3397 0.342 0.3408 0.3399 2.3527 0.3396 0.3395 0.3393 0.3393 0.3396 0.3392 0.3401 0.3399 0.3396 0.3404 0.3397 0.3408 0.3389 0.3397 0.3398 0.3401 0.3398 0.3406 0.3408 0.3394
b0.03 0.3403 0.339 0.3393 0.3401 0.3395 0.3398 0.3396 2.4006 0.3398 0.3396 0.3449 0.3403 2.3532 0.3401 0.3399 0.3397 0.3395 2.3534 0.3417 0.3402 0.3402 0.3393 0.3393 0.3389 0.3399 0.3393 0.3404 0.3401 0.3392 0.34 0.3392 0.3396 0.339 0.3396 0.3399 0.7615 0.3395 0.7528 0.3405 0.3404 0.34 0.3398 0.7611 0.3401 0.34 0.3394 0.342 0.3398 0.3396 0.34
b0.032 0.3388 2.3525 0.3449 0.3404 0.3404 0.3388 0.34 0.3397 0.3395 0.3379 0.3391 0.3397 0.3392 0.3392 0.339 0.3406 0.3391 0.3392 0.341 0.3396 0.3394 0.3394 0.3404 0.3393 0.7639 0.3398 0.3398 0.7596 0.3404 2.353 0.3387 0.3438 0.3396 0.3397 0.3419 0.3404 0.3391 0.3404 0.3401 0.4675 0.3397 0.3391 0.3394 2.412 0.3404 0.34 0.3399 0.7601 0.3398 2.3529
b0.034 0.3389 0.3394 0.3398 0.341 0.3399 0.3391 0.3392 0.3398 0.3397 0.3405 0.3409 0.3405 0.3391 0.7528 0.3398 0.3393 0.3405 2.3969 0.3395 0.7546 2.3536 0.7571 0.3401 0.3399 0.3394 0.3402 2.4131 0.3454 0.3403 0.3399 0.3396 0.3398 0.3391 0.3399 0.3393 0.3397 0.3395 0.34 0.3396 0.3397 0.3407 2.4134 0.3393 0.3393 0.3395 0.3392 0.3399 0.3398 0.3396 0.3389
b0.036000000000000004 0.3397 0.3398 2.4125 0.3392 0.3398 0.3375 0.3403 0.3396 0.3401 2.4119 0.3399 0.3391 0.3384 0.3393 0.3405 0.3404 0.34 0.3393 0.34 0.3404 2.3518 0.3395 0.3395 0.3398 0.3391 0.3422 0.34 0.3393 0.3395 0.3398 0.3398 0.3398 0.3393 0.3395 0.339 0.3396 0.3394 0.3394 0.3394 0.3398 0.3382 0.3403 0.3407 2.3529 0.3397 0.3403 0.3399 0.3396 0.3387 0.3389
b0.038 0.3406 0.3399 0.3404 0.3409 0.7564 0.3401 0.3398 0.3543 0.3402 0.3398 0.34 0.3407 0.3399 0.3397 0.3384 0.3397 0.3395 2.3525 0.34 0.341 0.3391 0.3396 0.3405 0.3392 0.34 0.3406 0.3397 0.34 0.3406 0.3397 0.7636 0.3392 0.342 0.3379 0.3399 2.3516 0.3384 0.3403 0.3393 0.3419 0.3394 0.3407 0.3404 0.3395 0.3385 2.3519 0.3402 2.353 0.3396 2.4127
b0.04 0.3395 0.3402 2.3536 0.3401 1.1472 0.3405 0.3395 0.3402 0.3395 2.4131 0.3407 0.3398 0.3382 0.339 0.34 0.3393 0.3395 0.3394 2.4124 0.3399 0.3402 2.4105 0.3386 0.3454 2.4125 0.3456 0.3391 0.3402 0.34 0.3405 0.3416 0.3393 0.3399 0.7667 0.3396 0.3402 0.3396 0.3411 0.34 0.34 0.3393 0.3398 0.3403 0.3399 0.3402 0.3397 0.3387 0.3413 0.3389 0.3409
b0.042 0.339 0.3391 0.339 2.3527 0.3396 0.34 0.338 2.3517 0.3413 0.3397 0.4653 0.3394 0.3396 0.3404 0.3411 0.3411 0.3418 0.3396 0.3403 0.3465 0.3398 0.7533 0.34 0.3404 0.3397 0.3413 0.7548 0.3394 2.4121 2.3545 0.3388 0.7608 0.3403 0.3393 2.3527 0.3395 0.3408 2.3515 0.3376 0.3401 0.3393 0.3406 0.3403 0.3378 2.4225 0.3403 0.3402 0.34 0.3393 0.3398
b0.044 0.3404 0.3401 0.3402 0.339 0.3406 0.3409 2.3525 0.3394 0.3405 0.3398 2.3959 0.34 0.3412 0.34 0.3391 0.3389 0.3407 0.3397 0.3416 0.3405 0.3405 0.3412 0.3394 0.3404 0.3392 0.3395 0.3396 0.3402 0.3389 0.7604 0.3402 0.3381 0.3401 0.3404 0.34 0.3398 0.3407 0.3408 0.339 0.34 0.34 0.3405 0.3392 0.3397 0.3405 2.4084 0.339 0.3402 0.3412 2.414
b0.046 0.34 0.3396 0.339 0.3397 0.3408 0.3391 0.3392 0.3406 2.3956 0.3407 0.3397 0.3408 0.3397 0.3465 0.3386 0.3392 0.3405 0.3391 2.3536 2.4127 2.353 0.3393 0.34 0.3397 0.3414 0.3399 2.3528 0.34 0.3406 0.3396 0.3394 0.3399 0.3409 0.3381 0.3419 2.4224 0.339 0.3391 0.339 0.3394 0.3399 0.34 0.3398 0.3389 0.3407 0.3398 0.3386 0.3398 0.3411 0.3397
b0.048 0.3416 0.3389 2.4133 0.3416 0.3402 0.3402 0.3398 0.3414 0.3388 0.7554 0.3411 0.3395 0.339 0.3403 0.3405 0.34 0.34 0.3389 0.3385 0.3391 0.3407 0.3385 0.3394 0.3396 0.3408 0.34 0.3393 0.339 0.3401 2.4137 0.3387 0.34 0.3388 0.7599 2.4117 0.3407 0.3405 2.3546 0.3382 0.3404 0.3424 0.3404 0.3396 0.339 0.3404 2.3535 0.3402 0.3403 0.3389 0.3411
b0.05 0.3414 0.341 0.3382 0.3401 0.3402 0.3398 2.3516 0.3404 0.3402 0.3389 0.3392 0.3399 0.7681 2.4133 0.3403 0.3398 0.3397 0.3411 0.3406 0.3387 0.3399 2.4132 0.3399 0.3395 0.3393 0.3383 0.3402 0.3401 0.3394 0.339 0.7625 0.339 0.3407 2.3536 0.3386 0.3401 0.3423 0.3398 0.3401 0.3404 0.3396 2.4232 0.3396 0.3408 0.341 2.4116 0.342 0.3392 0.7598 0.3402
b0.052000000000000005 0.3424 0.3398 0.3396 0.3403 0.3392 0.3397 0.3407 0.3388 2.4119 0.3423 0.3397 0.3397 0.341 0.3396 0.3397 0.3395 0.3386 0.338 0.3401 0.3387 2.4137 2.3524 0.3402 0.3379 2.4118 2.3544 0.3387 0.3414 2.3521 0.339 0.34 2.3537 0.3396 0.3387 0.3406 0.7573 2.3534 0.3382 0.3401 2.4128 0.3399 0.3391 0.3398 0.3406 0.3408 0.3391 0.3394 0.3403 2.3528 0.7632
b0.054 0.3398 0.3415 0.3389 0.3393 2.3516 0.3404 0.3381 0.3384 0.3394 0.3398 0.3399 0.34 0.3404 0.3384 0.3414 0.3391 0.3401 0.3388 0.3405 0.3406 0.3404 0.3397 0.3392 2.4127 0.3402 2.3528 0.3386 0.3391 0.3386 0.3395 0.3413 0.3383 0.3403 2.3958 0.3427 2.3533 0.3415 0.3385 0.3403 2.3953 0.3401 0.3405 0.3393 0.3411 0.3377 0.3419 0.3406 0.3403 0.7658 0.3392
b0.056 0.3373 0.7599 0.3392 0.3396 0.3377 0.3399 2.3535 0.3396 2.3529 0.3392 0.3392 0.3404 0.3409 2.3529 0.3398 0.3366 0.3402 0.3388 0.3395 0.3396 0.3406 0.3406 2.3523 2.3549 0.3379 0.3407 0.3412 0.3396 0.3396 0.3397 0.3391 0.3413 0.3395 0.3392 0.3414 0.3407 0.3389 0.3393 0.3397 0.3381 0.3408 0.3396 0.3392 0.3399 0.3409 0.34 0.3402 0.341 2.3522 0.3389
b0.058 0.34 0.3409 0.7603 0.34 0.3407 0.3406 0.3379 0.3394 0.3408 0.3387 2.4139 0.3397 2.4146 0.34 0.3394 0.3405 0.7585 2.3541 0.3412 0.3403 0.3392 2.3541 0.339 0.3396 0.458 0.3405 0.3398 0.3413 2.3531 2.3534 0.3398 0.3386 0.3403 0.3383 0.3407 0.3399 0.3389 0.751 0.3378 2.3536 2.4124 0.3398 0.3394 2.3531 0.3378 0.3466 0.3408 0.3387 0.3396 0.3408
b0.06 2.3515 0.342 0.3402 0.3406 0.3398 0.3406 0.3393 0.3392 0.3384 0.3388 0.3403 0.3387 0.3399 0.3402 0.3403 0.3402 0.3394 0.3384 0.3408 2.3964 0.3386 2.3513 0.3402 0.3426 0.3383 0.3406 0.34 0.3405 0.3398 0.3412 0.34 2.4128 0.3395 0.3396 0.3385 0.3394 0.3399 0.34 2.3533 0.341 0.3429 0.5129 2.3544 0.3395 0.3391 0.3395 0.3386 2.3525 0.3386 2.4123
b0.062 0.3402 0.3382 0.3399 0.3397 0.3408 2.3546 0.3399 0.3394 0.3383 2.3553 0.3399 0.3405 0.7566 2.3525 0.7495 0.3398 2.3966 0.3393 0.3411 0.3401 2.3958 0.3394 0.3418 2.4123 2.3545 2.354 0.3404 0.3377 0.3414 0.3404 0.3377 0.3399 0.3416 0.3398 0.356 0.3409 0.342 2.354 0.3401 0.34 0.3408 2.3527 0.3402 0.3402 0.3401 0.3395 0.3402 0.7677 0.3382 0.3383
b0.064 0.3397 0.3388 0.3407 0.3395 0.3384 0.3407 2.3533 0.3389 0.3402 0.3416 0.3414 0.7464 2.3517 0.3397 0.3393 0.3407 2.3556 0.34 0.3389 2.3525 0.3393 0.3405 0.3409 0.3395 2.3529 0.3398 0.3392 0.3412 2.3521 0.3394 2.3529 0.3396 2.4136 0.3406 0.3434 0.3406 0.3391 0.3394 0.3399 0.3394 0.3395 2.3523 0.3412 0.34 0.3398 0.3386 0.4649 2.4127 0.3397 0.341
b0.066 0.34 0.3398 0.34 2.3549 0.3398 0.3412 0.3381 0.3409 0.3389 2.3544 0.3417 0.3389 0.341 0.3392 0.3407 0.3404 2.353 2.4224 0.7468 0.7537 0.342 0.3392 0.3401 2.4136 0.34 0.3392 0.3416 0.3392 0.3406 2.3549 2.3549 0.339 0.3391 0.342 0.3429 0.3404 0.3413 0.3401 0.3402 0.345 0.339 0.3395 0.3388 0.3419 0.7631 0.3464 0.338 2.3536 0.3404 2.4134
b0.068 0.7711 1.1249 0.3398 0.3398 0.3388 0.3387 0.3395 0.3396 0.3399 0.3408 0.3373 0.3663 0.339 0.7708 0.338 0.34 0.338 0.3377 0.3399 0.3394 0.34 0.3401 0.3415 0.3431 0.5199 0.3398 0.3409 2.3532 0.3413 2.3557 0.3408 0.3396 2.3548 2.3545 2.3527 0.3425 0.341 0.3401 2.3539 0.3437 2.411 2.4223 0.3399 0.342 2.3535 0.3391 0.3379 2.3514 0.3386 0.3381
b0.07 2.3522 2.3536 2.3537 0.3379 2.3521 0.3392 0.3387 0.3397 0.3395 0.3409 0.3388 2.4129 0.3397 0.3413 2.3514 0.3399 0.3397 2.4139 0.4538 0.3389 0.3392 0.3405 0.3397 0.3409 0.3395 0.3397 0.3391 0.7604 0.3392 0.3392 0.3391 0.3395 2.4139 0.3458 0.3407 0.7591 0.3383 0.3422 2.3528 0.3412 0.3387 0.3389 0.3397 2.3544 0.3394 2.3544 2.3525 0.3387 0.3404 2.3536
b0.07200000000000001 0.3415 0.3399 0.3413 0.3389 0.7642 2.355 0.3431 2.3541 0.3397 0.3407 0.3413 2.4228 0.3374 0.3409 0.3415 0.3373 2.353 0.3412 0.3389 0.34 2.3517 0.3404 0.3401 0.339 0.342 0.3391 0.3389 0.3411 0.3394 0.3406 0.3418 2.3955 0.3396 2.4137 0.3381 0.3399 0.3405 0.3404 0.3403 2.3544 0.3394 0.3419 2.4122 2.3541 2.3535 2.3533 2.354 0.3399 0.3544 0.7549
b0.074 0.34 0.3395 0.3391 0.343 0.3418 0.3393 0.3427 0.3418 2.4207 0.3374 0.3376 0.3402 0.3402 2.4128 0.3408 0.7492 0.3393 0.3381 0.3385 2.3543 2.4201 0.3416 0.3398 0.339 2.4127 0.3432 0.3403 0.3387 2.3548 0.3396 0.3383 2.3542 0.3401 0.344 2.4136 2.3527 0.3395 0.3411 0.3385 0.3408 0.338 0.3431 0.3418 0.3411 0.3401 2.3528 0.339 0.3411 0.3399 0.3394
b0.076 0.3391 2.3523 0.3401 0.3417 0.3381 0.3424 0.3378 0.3407 0.3399 0.3403 2.3534 0.3392 2.3523 0.3423 0.3377 0.3401 2.4137 2.354 0.3393 0.3414 0.3411 0.3389 0.3391 0.3375 2.3515 0.3398 0.3392 0.3394 0.3386 2.3529 0.3393 0.3398 0.3423 0.3422 0.3386 0.3395 2.3552 0.7683 0.3383 2.3552 0.3398 0.3426 0.339 0.3385 2.4128 0.3421 0.3396 2.3522 2.3537 0.7561
b0.078 0.3409 0.3397 0.3377 0.3376 0.3389 2.3546 0.341 0.3404 0.3384 2.3534 0.3396 0.3405 0.3376 0.3415 0.3438 0.3424 2.3542 0.3399 0.3388 0.3406 0.3387 0.3399 0.3387 0.34 2.3541 0.3381 2.4222 0.3399 0.3415 0.3405 0.3396 0.3401 0.3391 0.3373 0.3421 0.3395 0.3402 0.34 2.3536 2.3544 0.34 0.3377 0.3415 0.3393 0.7658 0.3411 0.3404 0.3447 0.3394 0.3423
b0.08 0.3395 0.3488 2.413 2.3553 2.3525 0.3408 0.3381 2.3531 0.3427 2.3528 0.339 2.4129 2.3539 0.3409 0.3405 0.3406 0.3396 0.3417 0.3405 0.3391 0.3427 0.3403 0.338 0.3391 0.3391 0.3415 0.7594 2.354 0.3385 2.3543 0.3387 0.3399 2.4119 0.3383 0.3426 0.3406 0.3416 0.3413 0.3415 2.4133 2.4138 0.3403 0.3407 0.3381 2.3533 0.3387 0.3429 2.4124 0.3379 0.3385
b0.082 0.3402 0.3377 0.3415 0.3415 0.3385 0.3414 0.3395 2.3958 0.3401 0.3407 2.4124 0.3398 0.3407 0.7822 2.3542 0.3396 0.3389 2.3538 2.3531 0.3398 0.3393 2.354 0.3403 0.3412 0.3421 0.3427 0.3398 0.3387 0.3382 0.3427 2.3965 0.3406 0.7664 2.3536 0.3427 0.3392 0.3383 0.3423 0.3421 0.3397 0.3391 0.3424 0.3406 0.713 2.3533 0.3428 0.367 0.3418 0.3371 2.3548
b0.084 0.3403 0.3417 0.3378 0.3413 0.3415 0.3414 0.3406 0.3386 0.3393 0.339 0.3486 2.4129 0.3392 0.341 2.3545 0.3386 0.3371 0.3404 0.4596 0.3407 0.3395 2.359 0.3367 0.3397 0.3387 2.3542 2.4117 0.3378 0.3359 0.3424 0.3401 0.3395 0.3412 0.338 0.3394 0.3422 0.3388 0.3382 0.3398 0.3407 0.3399 0.3392 0.3401 0.3416 0.341 2.3551 0.3429 0.3384 0.3391 0.3384
b0.08600000000000001 0.3425 0.3415 0.3421 0.3379 2.3533 0.3399 0.3421 0.3403 0.3424 0.3415 2.3539 0.3388 0.3382 0.3396 0.3409 0.3411 2.3554 0.3373 0.3387 0.3417 0.342 0.341 0.3417 0.3406 0.3378 0.3378 2.3535 0.3422 0.3409 0.3419 0.3372 0.3392 0.3424 0.3386 0.3386 0.3412 0.3415 0.3408 0.3408 2.3548 0.3404 0.3396 2.4121 0.4662 0.3391 0.3376 0.7768 0.342 0.3399 0.3408
b0.088 0.3398 0.3398 0.343 0.3418 0.3415 0.3409 0.341 0.342 0.3389 0.3416 0.7529 0.3401 0.3391 0.3399 2.4007 0.3415 0.3419 2.3531 0.3407 0.3391 2.3541 0.3396 2.3553 0.3416 0.3389 2.3538 0.4481 0.34 0.3393 0.341 0.3423 0.3366 0.3487 0.3402 0.3422 0.3391 2.3543 2.3547 0.3416 0.3388 0.3398 0.3403 0.3405 0.3381 2.3547 2.3534 0.3399 0.3428 0.3405 0.3409
b0.09 0.3401 0.3373 0.3411 0.7665 2.4239 0.4502 2.3562 0.3393 0.3398 0.3402 0.3402 0.3411 0.3383 0.3402 2.3537 2.3535 0.3388 0.4663 0.3402 2.3537 2.356 2.3526 0.3399 0.3423 2.3533 0.3416 2.4134 0.341 0.3393 2.3526 0.3396 0.3406 0.3398 0.3416 0.3388 2.355 0.3395 0.3434 0.3411 0.3399 2.3522 0.3417 0.34 0.3427 0.3388 0.3393 0.3416 0.3389 0.3401 0.3395
b0.092 2.4231 0.3387 2.3522 0.3404 2.3516 0.3403 2.4211 0.343 0.3374 0.3414 0.3433 0.3407 0.754 0.3398 0.3389 0.3418 0.3396 0.3416 2.353 0.3435 0.3439 0.3385 0.3397 2.352 0.3411 0.3406 2.4215 0.3443 0.3403 0.3435 0.3411 0.3426 2.353 2.4234 2.3536 2.3533 0.339 0.3429 0.3423 0.3398 0.3433 0.3408 0.3385 0.3413 2.3535 0.3439 0.3434 0.3368 0.3402 0.3431
b0.094 0.7628 0.3432 0.3377 0.3401 0.34 2.4198 0.7681 2.3536 0.3401 0.3385 0.3443 2.3528 2.3532 2.4228 0.3386 0.3419 0.3425 0.3418 2.4267 0.3389 0.3425 2.353 0.344 0.3391 0.34 2.3533 2.3534 0.3413 0.3418 2.4223 0.341 0.3431 0.3382 0.3379 2.3559 0.3402 0.3376 0.3419 0.3388 0.341 0.3412 0.3391 0.3368 2.3601 0.3374 2.4221 0.3385 0.3396 0.341 0.3381
b0.096 0.3384 0.3404 0.3391 0.3391 0.339 0.345 0.3388 0.338 0.3408 0.412 2.3556 2.3543 0.3402 0.3398 0.3389 0.3443 0.3384 0.3442 0.3408 0.3393 0.3392 0.7634 0.3394 0.34 0.3421 0.34 0.341 2.3507 2.3546 0.3409 0.3406 2.4135 0.7649 0.3411 2.3533 0.3424 0.3392 0.34 0.3431 0.3391 0.3399 2.3546 0.3399 0.3395 0.3395 0.3408 0.3372 0.3396 0.3404 2.356
b0.098 0.339 0.3401 0.337 2.4119 0.3392 0.3384 0.3406 0.3423 0.3412 0.3414 0.3441 0.3395 0.3396 0.3409 0.3403 0.7689 0.3411 0.3369 0.3371 0.3411 0.3391 0.7571 0.3398 0.3388 0.3375 0.3414 0.3414 0.3383 0.7607 0.3417 0.3407 0.3408 0.7818 0.7223 0.3418 0.3396 0.34 0.3379 2.42 0.3412 0.3382 2.4119 0.3396 0.341 0.3399 0.3408 0.3392 0.3391 0.4643 2.3557
b0.1 2.4136 0.3409 0.3418 0.3382 2.3538 0.3422 2.4243 2.3555 0.3386 2.4126 2.356 0.3394 0.3386 0.3408 0.341 0.338 0.3383 0.3365 0.3435 0.3402 0.3411 0.3368 0.3395 0.3444 0.3434 0.3393 0.3388 0.3466 0.3398 0.341 0.3441 0.3402 0.3396 0.3388 0.7118 0.3429 0.3405 0.3397 0.7684 0.3393 0.3419 0.3387 0.3391 2.3538 0.3386 0.3398 0.3404 0.3391 0.3388 0.3429
