m0.0 0.0 0.0 0.0 0.0 0.0 0.0 0.0 0.0 0.0 0.0 0.0 0.0 0.0 0.0 0.0 0.0 0.0 0.0 0.0 0.0 0.0 0.0 0.0 0.0 0.0 0.0 0.0 0.0 0.0 0.0 0.0 0.0 0.0 0.0 0.0 0.0 0.0 0.0 0.0 0.0 0.0 0.0 0.0 0.0 0.0 0.0 0.0 0.0 0.0 0.0
m0.002 0.1878 0.1838 0.1838 0.1547 0.2116 0.1598 0.1684 0.1877 0.2038 0.2332 0.2104 0.2252 0.2862 0.1937 0.1595 0.1905 0.1953 0.2034 0.243 0.208 0.1814 0.5552 0.1608 0.2152 0.1679 0.2277 0.1734 0.2221 0.2089 0.2297 0.0 0.2233 0.1583 0.173 0.1816 0.2912 0.2761 0.2314 0.1944 0.1562 0.2446 0.1414 0.1635 0.1502 0.1976 0.1619 0.2024 0.3011 0.2287 0.1682
m0.004 0.1883 0.1474 0.1967 0.1242 0.1511 0.1567 0.1941 0.1827 0.228 0.1952 0.1577 0.1514 0.1546 0.1558 0.2127 0.1535 0.1584 0.2273 0.2106 0.2208 0.1566 0.1822 0.1963 0.1856 0.1204 0.1593 0.2014 0.2047 0.1425 0.2491 0.3877 0.1558 0.1515 0.1616 0.2275 0.1315 0.1869 0.1565 0.2294 0.1583 0.1229 0.1537 0.1608 0.2132 0.1733 0.1973 0.4335 0.2583 0.1546 0.1731
m0.006 0.1517 0.1594 0.2308 0.265 0.1962 0.2345 0.2532 0.2311 0.1766 0.1592 0.1576 0.1066 0.1713 0.099 0.238 0.1317 0.158 0.163 0.2414 0.1289 0.1812 0.0 0.1715 0.118 0.2281 0.178 0.1268 0.2293 0.1615 0.4511 0.2732 0.0 0.2453 0.1175 0.1516 0.1728 0.1521 0.2739 0.0855 0.1487 0.2325 0.2201 0.1523 0.2311 0.1713 0.2119 0.1249 0.1526 0.2494 0.2839
m0.008 0.1755 0.1504 0.2283 0.6262 0.2049 0.1852 0.167 0.146 0.1531 0.238 0.2166 0.282 0.2413 0.2388 0.1583 0.2188 0.1423 0.3122 0.1589 0.1752 0.1637 0.1856 0.1368 0.1706 0.1813 0.1797 0.1682 0.1931 0.1512 0.1778 0.1547 0.1305 0.1126 0.1562 0.1844 0.1629 0.1599 0.1538 0.1969 0.1939 0.1572 0.1951 0.4467 0.2284 0.2001 0.2282 0.1508 0.2379 0.2968 0.1519
m0.01 0.1526 0.1511 0.2277 0.1528 0.1486 0.1448 0.1514 0.1808 0.3891 0.1485 0.2424 0.1667 0.1547 0.2207 0.2192 0.2384 0.1997 0.1799 0.1774 0.1546 0.1801 0.158 0.2363 0.1519 0.134 0.2826 0.1487 0.2293 0.166 0.1901 0.1888 0.1963 0.1527 0.1571 0.3395 0.2281 0.1552 0.1908 0.1587 0.0 0.1543 0.152 0.1506 0.154 0.2163 0.1498 0.2034 0.2206 0.1508 0.1552
m0.012 0.17 0.2254 0.1547 0.1923 0.1546 0.1217 0.2398 0.1817 0.1522 0.3008 0.1552 0.1897 0.1512 0.1594 0.0 0.2004 0.1923 0.0858 0.2492 0.1721 0.1543 0.1486 0.2143 0.1576 0.16 0.3533 0.33 0.2047 0.1485 1.6051 0.1526 0.1721 0.2435 0.1659 0.3796 0.1654 0.1523 0.2548 0.2145 0.1553 0.1532 0.352 0.2961 0.151 0.1538 0.1621 0.157 0.1516 0.1497 0.1147
m0.014 0.1519 0.158 0.226 0.1588 0.1537 0.1518 0.2055 0.162 0.1634 0.1531 0.3221 0.2114 0.1501 0.1687 0.1558 0.0 0.1582 0.3158 0.1474 0.1508 0.156 0.1142 0.2216 0.2284 0.178 0.237 0.1535 0.1375 0.275 0.2392 0.1566 0.1877 0.2307 0.1284 0.2177 0.1557 0.1675 0.1531 0.1549 0.1485 0.1562 0.3181 0.1544 0.1485 0.1401 0.2163 0.1526 0.1508 0.1548 0.1501
m0.016 0.0 0.3695 0.1521 0.1539 0.1107 0.217 0.2011 0.1697 0.1547 0.1518 0.156 0.1365 0.1957 0.1558 0.1492 0.1509 0.2786 0.1521 0.2143 0.1538 0.2006 0.1508 0.167 0.2293 0.1538 0.2273 0.1482 0.1512 0.1533 0.1507 0.2426 0.1512 0.1492 0.1719 0.1495 0.1568 0.1547 0.2376 0.2122 0.1611 0.2344 0.1543 0.1544 0.2172 0.1515 0.1539 0.2272 0.1736 0.1765 0.1612
m0.018000000000000002 0.1544 0.1565 0.2332 0.1429 0.1714 0.1572 0.3122 0.2116 0.4422 0.2276 0.1564 0.1504 0.2823 0.1568 0.3517 0.1561 0.2098 0.2747 0.4936 0.1791 0.219 0.21 0.1687 0.1526 0.1535 0.1343 0.1661 0.2476 0.1514 0.1656 0.1502 0.2129 0.3259 0.1523 0.2091 0.0 0.1518 0.1506 0.0 0.1491 0.1664 0.1534 0.1465 0.1532 0.1751 0.1511 0.151 0.1526 0.1535 0.0
m0.02 0.1579 0.1482 0.1493 0.2218 0.1514 0.1515 0.1586 0.2067 0.1951 0.1698 0.1534 0.204 0.1491 0.1835 0.1198 0.1773 0.1932 0.1533 0.1783 0.1872 0.1569 0.1541 0.1477 0.1519 0.1499 0.1536 0.1099 0.2408 0.1929 0.4479 0.1477 0.1542 0.2383 0.1574 0.1303 0.1464 0.1435 0.1936 0.1621 0.1587 0.1619 0.2384 0.2073 0.1499 0.4423 0.1462 0.1487 0.2553 0.1725 0.1966
m0.022 0.1617 0.1569 0.1575 0.1781 0.1748 0.1495 0.1564 0.6964 0.2071 0.132 0.123 0.1658 0.2186 0.1015 0.1067 0.1517 0.1485 0.1531 0.1615 0.2628 0.2333 0.1313 0.2404 0.1453 0.1494 0.4043 0.1476 0.1498 0.1471 0.1896 0.1543 0.1494 0.2148 0.1507 0.1545 0.1533 0.155 0.1601 0.1548 0.1666 0.1511 0.1608 0.1557 0.2649 0.157 0.2938 0.1619 0.1489 0.1533 0.1502
m0.024 0.151 0.2387 0.3086 0.1522 0.2157 0.156 0.1887 0.2181 0.1555 0.2236 0.154 0.1561 0.1548 0.1675 0.1534 0.1526 0.1511 0.123 0.1531 0.2494 0.1953 0.2536 0.1518 0.2449 0.162 0.1624 0.2419 0.1541 0.1011 0.1719 0.1517 0.1572 0.149 0.2142 0.1524 0.1372 0.1534 0.2323 0.1557 0.213 0.1572 0.1686 0.1535 0.1978 0.211 0.1502 0.1661 0.1898 0.1592 0.1517
m0.026000000000000002 0.1569 0.1489 0.1558 0.1551 0.1523 0.1536 0.1543 0.1519 0.2087 0.1646 0.1518 0.1558 0.1501 0.1576 0.3485 0.1556 0.2266 0.2631 0.1511 0.1526 0.1423 0.1565 0.1583 0.1494 0.1513 0.183 0.2064 0.1639 0.5376 0.251 0.2428 0.1522 0.262 0.1624 0.1499 0.1496 0.1675 0.155 0.1665 0.1523 0.1594 0.1522 0.1144 0.1493 0.1505 0.1688 0.1496 0.3165 0.1817 0.1487
m0.028 0.1697 0.1565 0.1527 0.1479 0.1747 0.2257 0.1506 0.1942 0.1546 0.1495 0.2015 0.1552 0.2193 0.1514 0.1496 0.1496 0.2033 0.2895 0.1712 0.1552 0.1484 0.1385 0.1492 0.1628 0.1561 0.154 0.1707 0.4189 0.1492 0.1599 0.1453 0.1464 0.1569 0.1496 0.157 0.2089 0.1539 0.1496 0.2106 0.1717 0.1489 0.1509 0.1708 0.2393 0.2028 0.1513 0.1554 0.1597 0.1829 0.1525
m0.03 0.4993 0.1515 0.153 0.1 0.3025 0.1566 0.1479 0.1688 0.1522 0.1495 0.2556 0.1694 0.1274 0.2491 0.1714 0.2009 0.159 0.16 0.1565 0.1581 0.164 0.146 0.1839 0.1617 0.158 0.1537 0.2103 0.1536 0.1435 0.2059 0.1522 0.1533 0.1742 0.1906 0.156 0.1465 0.1505 0.2016 0.148 0.2243 0.2095 0.1549 0.147 0.1556 0.1548 0.192 0.2913 0.1556 0.1615 0.1717
m0.032 0.1594 0.2419 0.0 0.2114 0.2135 0.1545 0.1522 0.1474 0.1522 0.2281 0.16 0.1542 0.1611 0.1532 0.1903 0.2141 0.1928 0.1537 0.2782 0.1498 0.1572 0.2115 0.1505 0.1525 0.1547 0.194 0.2277 0.1581 0.172 0.1571 0.0902 0.1522 0.1265 0.1519 0.2424 0.1687 0.1545 0.163 0.1586 0.468 0.164 0.154 0.1685 0.1983 0.1866 0.1938 0.1525 0.1562 0.1642 0.1533
m0.034 0.1536 0.1494 0.1536 0.1923 0.1532 0.1487 0.2075 0.197 0.151 0.1494 0.1534 0.1542 0.1569 0.2388 0.1507 0.1539 0.1703 0.2941 0.1626 0.0 0.1551 0.1478 0.1464 0.1496 0.1532 0.1573 0.2324 0.1292 0.2965 0.2262 0.2347 0.1524 0.4069 0.1547 0.1679 0.146 0.1486 0.1575 0.1538 0.1549 0.1562 0.1507 0.1511 0.1764 0.1532 0.1517 0.1871 0.1509 0.1609 0.1534
m0.036000000000000004 0.1516 0.1569 0.1555 0.3069 0.1552 0.2371 0.1454 0.2061 0.1489 0.1469 0.1778 0.1488 0.2161 0.1299 0.1614 0.147 0.1995 0.151 0.1378 0.1497 0.065 0.2173 0.1515 0.1503 0.2057 0.1432 0.2652 0.1503 0.1835 0.1558 0.3684 0.1594 0.1771 0.1495 0.156 0.1549 0.1582 0.167 0.1461 0.1509 0.1527 0.1498 0.1544 0.1553 0.2355 0.1218 0.1584 0.1662 0.162 0.1665
m0.038 0.1524 0.1497 0.1462 0.1652 0.2168 0.1517 0.2791 0.1529 0.155 0.1572 0.2508 0.1694 0.2262 0.1538 0.1648 0.1556 0.1563 0.1491 0.1502 0.1595 0.1729 0.1389 0.4075 0.0814 0.1497 0.1552 0.1486 0.1523 0.2419 0.3052 0.1511 0.1581 0.2415 0.1687 0.2326 0.15 0.1931 0.1579 0.2352 0.1558 0.1476 0.1707 0.2178 0.1869 0.1572 0.1505 0.2079 0.15 0.1617 0.1776
m0.04 0.1728 0.1916 0.1566 0.2772 0.1444 0.1586 0.1822 0.2323 0.1852 0.1557 0.2003 0.2128 0.1468 0.2484 0.1885 0.1266 0.1705 0.3227 0.1475 0.0917 0.1944 0.1651 0.1617 0.2798 0.153 0.1569 0.1569 0.1472 0.1541 0.151 0.2219 0.1605 0.1748 0.1473 0.1606 0.1488 0.1567 0.1798 0.151 0.1642 0.1989 0.1672 0.2244 0.151 0.1541 0.1552 0.1599 0.1541 0.1545 0.1543
m0.042 0.1295 0.2144 0.2604 0.2089 0.151 0.1894 0.1589 0.1666 0.1588 0.1632 0.2488 0.1547 0.1468 0.1568 0.2143 0.1668 0.1987 0.1998 0.148 0.1727 0.2187 0.2114 0.2089 0.1934 0.212 0.1633 0.1521 0.2377 0.1667 0.2075 0.1543 0.2532 0.1563 0.1772 0.1506 0.1744 0.1549 0.1468 0.2566 0.1469 0.1784 0.0874 0.1573 0.2506 0.233 0.1509 0.1581 0.1555 0.1491 0.1575
m0.044 0.1633 0.1862 0.15 0.2045 0.2495 0.1855 0.1617 0.0957 0.1744 0.1529 0.1936 0.086 0.1507 0.2212 0.1054 0.1608 0.1582 0.225 0.208 0.1486 0.1735 0.1682 0.1488 0.1531 0.2164 0.155 0.1451 0.1422 0.1813 0.1551 0.1648 0.188 0.2077 0.1664 0.1562 0.2624 0.1655 0.1506 0.1605 0.219 0.1536 0.1598 0.1499 0.1553 0.2421 0.1705 0.1635 0.2035 0.1542 0.1723
m0.046 0.1479 0.2118 0.1464 0.3841 0.1591 0.3275 0.1751 0.185 0.2262 0.1919 0.1712 0.1566 0.1794 0.1551 0.1373 0.1607 0.1746 0.2419 0.1589 0.1675 0.2785 0.16 0.1586 0.1539 0.1497 0.1803 0.1622 0.1608 0.1604 0.1484 0.1492 0.1472 0.2441 0.1492 0.2438 0.1604 0.198 0.1585 0.1658 0.1705 0.1627 0.2433 0.3102 0.1703 0.1514 0.1658 0.1595 0.1443 0.1491 0.1835
m0.048 0.269 0.152 0.2037 0.2099 0.1637 0.2077 0.1497 0.1482 0.1549 0.1351 0.1662 0.1549 0.1712 0.1466 0.156 0.1566 0.158 0.1849 0.1439 0.1708 0.16 0.1478 0.221 0.2057 0.2191 0.1511 0.1621 0.1754 0.1606 0.1538 0.1496 0.1929 0.1576 0.155 0.1621 0.4603 0.1619 0.2162 0.1545 0.1623 0.164 0.1596 0.1472 0.1471 0.1595 0.14 0.1538 0.2118 0.1713 0.1528
m0.05 0.2276 0.1913 0.2538 0.2355 0.323 0.1557 0.1572 0.0987 0.2837 0.2445 0.158 0.1689 0.1923 0.1574 0.2096 0.2277 0.161 0.1522 0.1466 0.1565 0.1557 0.1556 0.1609 0.1439 0.2158 0.15 0.1863 0.1669 0.1663 0.156 0.1664 0.1467 0.185 0.1498 0.1894 0.1735 0.23 0.1228 0.1507 0.1843 0.1692 0.1749 0.1807 0.1466 0.0929 0.1554 0.3529 0.1873 0.1525 0.1535
m0.052000000000000005 0.1893 0.1524 0.1871 0.1723 0.1496 0.1457 0.1518 0.2028 0.179 0.1233 0.175 0.1571 0.148 0.1666 0.1473 0.1895 0.135 0.2282 0.2223 0.1491 0.1457 0.1491 0.2149 0.162 0.195 0.1625 0.1448 0.1924 0.136 0.1684 0.1685 0.1523 0.1555 0.1482 0.1514 0.16 0.2355 0.1992 0.1788 0.1482 0.1676 0.2956 0.249 0.3691 0.0963 0.3185 0.2935 0.1881 0.2338 0.1483
m0.054 0.2786 0.1495 0.1823 0.1565 0.1635 0.2088 0.1579 0.2949 0.1553 0.2196 0.1648 0.2273 0.1282 0.1429 0.1573 0.1876 0.1524 0.1678 0.6412 0.1611 0.1509 0.1753 0.1473 0.2089 0.1686 0.1486 0.2735 0.1587 0.1615 0.1592 0.1795 0.1574 0.0915 0.1646 0.1514 0.1375 0.163 0.1765 0.2382 0.1961 0.1772 0.1776 0.1806 0.1609 0.1494 0.2093 0.1522 0.099 0.2628 0.1493
m0.056 0.1626 0.1477 0.1781 0.1503 0.2115 0.17 0.1493 0.1801 0.1688 0.1528 0.2155 0.154 0.3222 0.1865 0.1482 0.1632 0.1539 0.1521 0.3035 0.1477 0.1595 0.1678 0.1547 0.1649 0.149 0.1639 0.1555 0.1074 0.1479 0.1977 0.1574 0.1601 0.1997 0.0873 0.1505 0.2025 0.2276 0.1759 0.1789 0.2007 0.157 0.2533 0.231 0.3724 0.2629 0.1777 0.1501 0.1636 0.1996 0.1994
m0.058 0.1688 0.2094 0.1791 0.1442 0.1468 0.1617 0.1521 0.1552 0.2222 0.1471 0.3288 0.3081 0.1618 0.1633 0.164 0.2026 0.1575 0.3332 0.1647 0.087 0.1847 0.2185 0.15 0.1973 0.1812 0.2388 0.1562 0.181 0.1555 0.1466 0.1023 0.1728 0.1565 0.1512 0.1553 0.1613 0.1843 0.1851 0.4171 0.1575 0.1522 0.1117 0.1913 0.1424 0.148 0.153 0.1726 0.2847 0.2451 0.3737
m0.06 0.1937 0.2665 0.167 0.2467 0.1306 0.2121 0.1757 0.1939 0.1539 0.1874 0.1518 0.1813 0.2174 0.153 0.195 0.2082 0.1554 0.1767 0.159 0.1935 0.1614 0.1719 0.1783 0.1661 0.1616 0.2332 0.2591 0.1478 0.1505 0.0893 0.1544 0.229 0.1625 0.5585 0.2014 0.1635 0.0886 0.1659 0.153 0.1585 0.1636 0.1663 0.1629 0.1732 0.1537 0.1511 0.1931 0.1547 0.1758 0.1519
m0.062 0.3273 0.1545 0.1776 0.182 0.0992 0.1492 0.3086 0.165 0.1101 0.1856 0.1834 0.167 0.1727 0.1472 0.2027 0.1591 0.1522 0.1967 0.1602 0.1601 0.155 0.199 0.1667 0.1079 0.153 0.1662 0.1696 0.1568 0.1519 0.1681 0.1565 0.168 0.3414 0.1154 0.1507 0.1597 0.1889 0.1807 0.2311 0.1524 0.2632 0.1883 0.152 0.1483 0.1052 0.1647 0.1016 0.1574 0.1503 0.1714
m0.064 0.1688 0.092 0.1479 0.1608 0.1752 0.1589 0.1684 0.272 0.0983 0.082 0.1612 0.1688 0.2172 0.1924 0.1518 0.1758 0.1497 0.2035 0.2265 0.1544 0.1546 0.1736 0.1584 0.2065 0.1632 0.2278 0.1559 0.1529 0.1552 0.1639 0.1606 0.1486 0.1542 0.151 0.1713 0.153 0.1499 0.2002 0.1509 0.1508 0.1537 0.1497 0.2016 0.1768 0.1725 0.131 0.1521 0.1532 0.1476 0.1638
m0.066 0.203 0.1454 0.1027 0.1815 0.1492 0.1409 0.1555 0.2993 0.1693 0.1518 0.1973 0.1602 0.0878 0.3124 0.1486 0.2406 0.1447 0.143 0.2147 0.1666 0.1461 0.2453 0.1506 0.1561 0.1649 0.1532 0.1655 0.2021 0.1541 0.214 0.1485 0.2762 0.2085 0.1498 0.1554 0.1648 0.2016 0.0831 0.1831 0.1452 0.0755 0.162 0.1445 0.2191 0.1545 0.1515 0.156 0.1584 0.1889 0.1785
m0.068 0.1473 0.2004 0.1693 0.2263 0.1565 0.182 0.1493 0.1556 0.1887 0.0823 0.158 0.1599 0.088 0.0892 0.1652 0.1555 0.1581 0.2372 0.2081 0.1769 0.1901 0.1706 0.1087 0.1987 0.2721 0.1499 0.2071 0.1583 0.1469 0.1594 0.173 0.1759 0.171 0.1569 0.1936 0.1406 0.2069 0.1981 0.1619 0.1596 0.1672 0.1494 0.0809 0.1655 0.296 0.1481 0.0977 0.18 0.1991 0.3117
m0.07 0.2352 0.1466 0.1796 0.202 0.1589 0.1514 0.166 0.1688 0.1535 0.1895 0.512 0.1682 0.0785 0.1333 0.1569 0.1255 0.221 0.1785 0.1459 0.2376 0.1579 0.0905 0.1622 0.1595 0.1693 0.1484 0.1538 0.3563 0.175 0.1739 0.1467 0.1589 0.2201 0.2057 0.0924 0.1499 0.2059 0.0985 0.1469 0.2156 0.1628 0.1781 0.1904 0.3023 0.1102 0.1328 0.1533 0.2001 0.0906 0.1955
m0.07200000000000001 0.1514 0.202 0.2389 0.1598 0.222 0.2113 0.1194 0.1589 0.181 0.162 0.1785 0.1505 0.1633 0.1529 0.2228 0.1082 0.1502 0.2313 0.1777 0.1201 0.1465 0.1568 0.1127 0.1853 0.1988 0.2245 0.1477 0.1997 0.15 0.3185 0.2027 0.2262 0.1808 0.1471 0.1646 0.1571 0.1541 0.1451 0.2168 0.1766 0.1616 0.1456 0.1581 0.1783 0.1398 0.1923 0.1763 0.2293 0.1427 0.1748
m0.074 0.1643 0.1451 0.144 0.0957 0.275 0.1615 0.0898 0.1974 0.1937 0.1632 0.208 0.2199 0.1583 0.1527 0.1978 0.0909 0.119 0.1344 0.1519 0.4016 0.1699 0.154 0.1881 0.1954 0.2099 0.1974 0.1629 0.2497 0.1626 0.1503 0.1675 0.1771 0.1596 0.2163 0.0868 0.1519 0.1908 0.1465 0.0814 0.1898 0.1453 0.1481 0.1639 0.2553 0.3202 0.1868 0.1574 0.1954 0.1426 0.1429
m0.076 0.1373 0.1542 0.2155 0.1642 0.1548 0.1729 0.1973 0.1484 0.1941 0.187 0.1738 0.2052 0.1516 0.1691 0.181 0.1718 0.1565 0.1484 0.1624 0.1592 0.2031 0.1813 0.1996 0.1616 0.1631 0.1538 0.3723 0.1816 0.1526 0.1615 0.1539 0.1473 0.1024 0.174 0.1511 0.1753 0.1089 0.1526 0.1523 0.1528 0.1961 0.1181 0.1544 0.2681 0.1166 0.1652 0.1406 0.2007 0.1944 0.1378
m0.078 0.1489 0.1803 0.1885 0.1305 0.1555 0.2142 0.27 0.1011 0.1451 0.1029 0.4583 0.1757 0.2088 0.1648 0.2339 0.1496 0.1568 0.154 0.0885 0.239 0.1899 0.178 0.0969 0.1536 0.1704 0.1701 0.194 0.1575 0.1957 0.1514 0.3005 0.1584 0.1469 0.1395 0.1539 0.1008 0.1677 0.2457 0.1554 0.1567 0.2292 0.1402 0.1044 0.2423 0.1518 0.1589 0.1382 0.3996 0.1438 0.201
m0.08 0.115 0.1901 0.2068 0.1445 0.2212 0.1906 0.1062 0.1443 0.1592 0.0782 0.1615 0.1708 0.2079 0.1449 0.1529 0.1672 0.1468 0.1214 0.1008 0.2951 0.2119 0.2174 0.2243 0.2608 0.1626 0.1465 0.2181 0.2023 0.1746 0.1892 0.0823 0.2257 0.1453 0.221 0.1825 0.0997 0.1742 0.1911 0.2046 0.2095 0.1512 0.1657 0.1354 0.1728 0.2158 0.1961 0.1591 0.1719 0.2181 0.4832
m0.082 0.1612 0.172 0.1234 0.1346 0.1029 0.1948 0.0844 0.1976 0.1563 0.1919 0.1166 0.1563 0.2037 0.164 0.1901 0.1779 0.1103 0.1709 0.2031 0.1139 0.2532 0.2398 0.1682 0.1302 0.1943 0.1526 0.1474 0.1608 0.0957 0.2264 0.2526 0.1873 0.217 0.1593 0.1674 0.1589 0.2406 0.1464 0.3214 0.1943 0.1735 0.149 0.157 0.2009 0.2666 0.1515 0.1818 0.1245 0.1725 0.1607
m0.084 0.1948 0.2255 0.1559 0.1076 0.1956 0.1507 0.1741 0.1417 0.1497 0.2781 0.0808 0.203 0.1017 0.2547 0.1368 0.162 0.1017 0.2224 0.3362 0.1812 0.1457 0.2922 0.1594 0.1615 0.2118 0.1615 0.1877 0.1565 0.1654 0.2012 0.1369 0.1729 0.0981 0.1805 0.2345 0.4754 0.1649 0.1734 0.1712 0.1571 0.1489 0.2478 0.1062 0.1565 0.1623 0.1473 0.2662 0.1681 0.1318 0.1625
m0.08600000000000001 0.1615 0.0917 0.2039 0.2728 0.0999 0.1185 0.2296 0.1421 0.1187 0.1915 0.1616 0.1213 0.1332 0.2 0.1061 0.1516 0.2252 0.2045 0.1803 0.1654 0.1521 0.1642 0.1742 0.0857 0.1615 0.1486 0.0918 0.1696 0.2938 0.1681 0.1329 0.195 0.2155 0.1681 0.1894 0.1553 0.1661 0.0835 0.1707 0.1887 0.1834 0.1281 0.1644 0.1033 0.216 0.207 0.1118 0.1545 0.2861 0.1569
m0.088 0.2101 0.1398 0.2089 0.1542 0.2276 0.1552 0.1485 0.1934 0.175 0.1599 0.0859 0.1719 0.1356 0.1644 0.1587 0.1955 0.1498 0.1848 0.1532 0.1792 0.1485 0.1251 0.1659 0.4009 0.1564 0.1512 0.1827 0.1835 0.1731 0.1668 0.1382 0.2514 0.1609 0.2444 0.1568 0.1781 0.1686 0.0854 0.2088 0.1527 0.2374 0.1536 0.1495 0.1841 0.1463 0.1578 0.1802 0.1571 0.1594 0.1684
m0.09 0.1512 0.1415 0.1662 0.151 0.1097 0.1458 0.1493 0.1794 0.2343 0.1483 0.1769 0.1911 0.1718 0.2084 0.1441 0.1882 0.1718 0.2387 0.1463 0.105 0.2182 0.1856 0.2011 0.2198 0.145 0.1206 0.1052 0.2514 0.1526 0.1258 0.1798 0.1675 0.199 0.1788 0.1808 0.1479 0.1586 0.2036 0.1087 0.0914 0.118 0.2136 0.1511 0.1885 0.1807 0.0892 0.129 0.1765 0.1813 0.1537
m0.092 0.1488 0.1985 0.1877 0.1836 0.22 0.1988 0.2071 0.1726 0.1568 0.1015 0.0873 1.9532 0.1818 0.1945 0.1709 0.2361 0.1197 0.105 0.222 0.1704 0.1063 0.2248 0.1629 0.1566 0.1745 0.1456 0.1594 0.1856 0.1957 0.1791 0.1442 0.1443 0.1561 0.2608 0.1316 0.1706 0.1171 0.1271 0.1766 0.0888 0.1671 0.1645 0.1856 0.1642 0.2177 0.1046 0.2716 0.1713 0.1587 0.3009
m0.094 0.3211 0.1719 0.1236 0.2008 0.161 0.1515 0.1927 0.1504 0.156 0.1615 0.1386 0.2584 0.1826 0.1493 0.1532 0.1547 0.1405 0.1586 0.1699 0.1755 0.1072 0.1813 0.1572 0.0984 0.0889 0.1561 0.1734 0.0812 0.1514 0.0972 0.1644 0.1998 0.1627 0.1141 0.0943 0.1028 0.1138 0.1625 0.1463 0.1818 0.1731 0.1812 0.2141 0.1275 0.207 0.2781 0.1719 0.2074 0.146 0.1321
m0.096 0.0885 0.0984 2.2795 0.201 0.1712 0.1528 0.216 0.1536 0.1624 0.1619 0.1622 0.145 0.1953 0.1193 0.1684 0.2953 0.1276 0.2034 0.1804 0.1512 0.1934 0.1235 0.1264 0.2189 0.1704 0.1463 0.164 0.1604 0.1426 0.1568 0.18 0.1261 0.1632 0.2049 0.1588 0.094 0.1519 0.1605 0.1655 0.1469 0.1617 0.1377 0.1926 0.1734 0.267 0.2085 0.101 0.146 0.1413 0.1849
m0.098 0.1365 0.0892 0.1745 0.2037 0.1999 0.1416 0.1409 0.2762 0.2137 0.2579 0.2214 0.1605 0.2229 0.1295 0.1896 0.172 0.1585 0.0813 0.0985 0.11 0.1015 0.1632 0.2122 0.1804 0.1547 0.1459 0.2361 0.1961 0.2111 0.1905 0.2361 0.1969 0.1962 0.2935 0.1639 0.196 0.1715 0.1686 0.1522 0.1394 0.1393 0.1162 0.1563 0.191 0.1379 0.1665 0.1827 0.1516 0.2751 0.1642
m0.1 0.1577 0.1823 0.1731 0.1186 0.2502 0.1925 0.152 0.1074 0.1679 0.1891 0.1626 0.1209 0.2273 0.2806 0.232 0.1002 0.1613 0.1456 0.0949 0.1549 0.1951 0.2479 0.2592 0.1949 0.1642 0.1864 0.0893 0.0781 0.1631 0.1436 0.2155 0.1794 0.1949 0.2124 0.2058 0.2389 0.2257 0.2264 0.1638 0.1734 0.1952 0.1575 0.2336 0.153 0.1685 0.2085 0.0865 0.0873 0.1526 0.1637
