b0.0 2.4249 2.4249 2.4249 2.4249 2.4249 2.4249 2.4249 2.4249 2.4249 2.4249 2.4249 2.4249 2.4249 2.4249 2.4249 2.4249 2.4249 2.4249 2.4249 2.4249 2.4249 2.4249 2.4249 2.4249 2.4249 2.4249 2.4249 2.4249 2.4249 2.4249 2.4249 2.4249 2.4249 2.4249 2.4249 2.4249 2.4249 2.4249 2.4249 2.4249 2.4249 2.4249 2.4249 2.4249 2.4249 2.4249 2.4249 2.4249 2.4249 2.4249
b0.002 2.425 2.4249 2.4249 2.4249 2.4249 2.425 2.425 0.3634 2.4249 2.425 2.4249 2.4249 2.425 2.4249 2.425 2.4249 2.425 2.4249 2.425 2.4249 2.4249 2.4249 2.4249 2.4249 2.4249 2.425 2.4249 2.425 2.4249 2.4249 2.4249 2.4249 2.425 2.425 2.4249 2.4249 2.4249 2.425 2.425 2.4249 2.4249 2.4249 2.425 2.425 2.4249 2.4249 2.4249 2.4249 2.4249 0.3634
b0.004 0.3634 2.425 0.3634 2.4249 2.4249 2.4249 2.4249 2.4249 2.425 2.4249 2.425 2.4249 0.3634 2.4249 2.4249 2.425 2.425 2.4249 2.4249 2.4249 2.4249 2.425 2.4249 2.4249 2.4249 2.4249 2.4249 2.425 2.4249 2.425 2.425 2.4249 2.4249 2.4249 2.4249 2.425 2.4249 2.425 2.4249 2.4249 2.425 2.4249 2.425 2.4249 2.4249 2.4249 2.425 2.4249 2.4249 2.4249
b0.006 2.425 2.4249 2.4249 2.4249 2.425 2.4249 2.4249 2.4249 2.425 0.3633 2.425 2.4249 2.425 2.4249 2.425 2.4249 2.4249 2.425 2.425 2.425 2.425 2.425 2.425 2.4249 2.4249 2.425 2.4249 2.4249 2.4249 2.4249 2.4249 2.425 2.4249 2.425 2.4249 2.4249 0.3635 2.4249 2.4249 2.4249 2.4249 2.4249 2.4249 0.3635 2.4249 0.3634 2.425 2.425 2.4249 2.425
b0.008 2.4249 2.4249 2.425 2.4249 2.425 2.425 2.4251 2.425 2.425 2.4249 2.4249 2.4249 2.4249 2.4249 2.4249 2.425 2.425 2.4249 2.4249 2.4249 2.4249 0.3633 2.425 2.425 2.425 2.4249 2.4249 2.425 0.3634 2.4249 2.4249 2.4249 0.3634 2.4249 2.425 0.3635 2.425 2.425 2.425 2.4249 0.3634 2.425 2.4249 2.4249 2.4249 0.3634 2.4249 2.4249 2.4249 2.4249
b0.01 2.425 2.4249 2.425 2.4249 2.4249 2.425 2.4249 2.4249 2.4249 2.425 2.425 2.4249 2.425 2.425 0.3633 2.4249 2.4249 2.425 2.4249 2.425 2.425 2.4249 2.4249 2.4249 2.4249 2.4249 2.4249 2.4249 2.4251 2.4249 0.3634 2.425 2.425 2.425 2.4249 2.4249 2.4249 2.425 2.4249 0.3634 2.425 2.425 2.4249 2.425 2.4249 2.425 2.425 2.4249 2.4249 2.4249
b0.012 2.425 2.4251 0.3632 2.425 2.4249 2.4249 2.4251 2.4249 2.4248 2.4249 2.425 0.3633 2.4251 2.4248 2.425 2.4249 2.425 2.425 0.3633 0.3633 2.4248 2.425 2.425 2.425 2.425 2.4249 2.425 2.4249 2.4249 0.3634 2.4249 2.4249 2.425 0.3633 2.4251 2.4249 2.4249 2.4249 2.4249 2.4249 2.4249 2.425 2.4251 2.4249 2.4249 2.4248 2.4249 2.425 2.425 2.425
b0.014 0.3634 2.425 2.4247 2.4251 2.425 0.3633 2.4251 2.4249 2.4251 2.4251 2.4249 2.4249 0.3636 2.4249 0.3632 2.4249 2.4248 2.4249 2.4249 2.425 2.425 2.425 0.3631 2.4248 2.4248 0.3632 2.425 2.425 2.4248 2.4249 2.4249 2.4249 2.425 2.425 2.425 2.4249 2.4251 2.4249 2.4249 2.425 2.4249 2.4248 2.4247 2.4249 2.425 2.4249 2.425 2.4249 2.4249 2.4249
b0.016 2.425 2.4249 2.425 2.4249 2.4249 2.425 2.4251 2.4251 2.4247 2.4251 2.425 2.425 2.4249 2.425 2.4249 2.4249 2.4249 2.4249 2.4249 2.425 2.425 2.4249 2.425 2.4249 2.4249 2.4249 2.425 2.4251 2.425 2.4249 2.425 2.4248 2.4248 2.4249 2.4249 2.425 2.4247 2.4249 2.425 0.3635 2.425 2.4249 2.4248 2.4249 2.4248 2.4251 2.4248 2.4248 2.4249 2.4249
b0.018000000000000002 2.4251 2.4249 2.425 2.4248 2.4249 2.425 2.4249 2.425 2.4249 2.425 2.425 0.3635 2.4249 0.3637 2.4248 2.425 2.4251 2.4249 2.4251 2.4251 2.425 2.4249 2.4251 2.4248 2.4251 0.3633 2.425 2.4251 0.3637 2.4248 0.3632 2.4249 2.425 2.4248 2.4249 2.425 2.4249 2.425 2.4251 2.4251 2.4249 2.425 2.4251 2.4248 0.3634 2.425 2.4249 2.4249 2.4251 2.425
b0.02 2.4251 2.4251 2.4249 2.4249 2.4248 2.4249 2.4249 2.4249 2.4249 2.4251 2.425 2.425 2.4251 2.425 2.425 0.3635 2.4251 2.4247 2.4251 2.425 2.4249 2.425 2.4249 2.425 2.4248 2.4251 0.3633 2.4248 2.4249 2.4249 2.4249 2.425 2.4251 2.4249 2.4248 2.4247 0.3634 0.3633 2.425 0.3632 2.4248 2.425 2.4249 2.425 2.4249 2.4251 2.425 2.4249 0.3631 2.4251
b0.022 2.4249 2.4251 2.4246 2.425 2.4251 2.425 2.4249 2.425 0.3636 2.4251 2.4251 2.4251 2.4248 2.425 2.425 2.4248 2.4251 2.425 2.4247 2.425 2.4249 2.4249 2.425 2.425 2.4248 2.4248 2.4252 2.4249 2.4254 2.425 2.4251 2.425 2.4249 2.4251 0.3635 2.4248 2.4249 2.4249 2.4249 2.4252 2.4247 2.425 2.4249 0.3635 2.425 2.4248 2.4249 2.425 2.4249 2.4251
b0.024 2.4247 2.4248 2.4248 2.425 2.425 2.425 2.4249 2.425 2.4251 0.3634 2.4249 2.425 2.425 2.4247 2.4247 2.425 2.4248 2.4252 2.4249 2.425 2.4249 2.4248 2.4251 2.4249 2.4249 2.4247 2.4248 2.4248 2.4247 2.4248 2.4251 0.3636 2.4251 2.425 2.4249 2.425 2.4252 2.4248 2.425 2.4249 2.425 2.4251 2.4251 2.425 2.4249 2.4248 2.425 2.4249 2.4249 2.4251
b0.026000000000000002 2.4249 2.4249 2.4248 2.4248 2.4252 2.4247 2.425 2.425 2.4249 2.4249 2.4248 2.4249 2.4251 2.4251 2.4251 2.425 0.3639 2.4248 2.4246 2.4249 2.425 2.425 2.4251 2.4249 2.4248 0.3637 0.3636 2.425 2.4252 2.425 2.4249 2.4249 2.425 2.4251 2.425 2.4247 2.4249 2.425 2.4249 2.4248 2.4248 2.425 2.4249 2.4249 2.425 2.425 2.4249 2.4247 2.4249 2.4248
b0.028 2.425 2.425 2.4248 2.4252 2.4249 2.425 2.4246 2.425 2.4246 2.4248 2.4248 2.4248 2.4248 2.425 0.3632 2.4249 2.4247 2.4251 2.4248 2.4249 2.4251 0.3631 2.4251 2.4247 2.4249 2.4251 2.4251 2.4251 2.4248 2.4251 2.4246 2.4248 2.425 2.425 2.4248 2.4247 2.4251 2.425 2.4247 2.4248 2.4253 0.363 2.4249 0.3635 2.4248 2.4247 0.3635 2.425 2.4251 2.4249
b0.03 2.4248 2.4252 2.425 2.4251 2.4248 2.4252 2.425 2.4253 2.4251 0.3629 0.3634 2.4252 2.4248 2.4251 2.4253 2.425 2.425 2.4252 2.4253 2.4249 2.4248 2.4247 2.425 2.4249 2.425 2.4246 0.3635 2.425 2.4252 2.4249 2.4251 2.4252 2.4251 2.4253 2.4248 2.4251 2.4251 2.4252 2.4246 2.425 0.3639 0.3638 2.425 2.4248 2.4249 2.425 2.4248 2.425 2.4248 2.4249
b0.032 2.425 2.425 2.4249 2.4252 2.4249 2.4247 2.4248 2.4251 2.4249 0.3635 0.363 2.4246 2.4248 2.4249 0.3643 2.425 2.425 2.4254 2.4252 2.4248 0.3634 2.4253 2.4247 2.4248 2.4249 0.3633 2.4248 2.4251 2.4249 2.4251 2.425 2.4249 2.4249 2.4247 2.4251 2.4251 2.4248 2.4249 0.3634 2.4248 2.4248 2.4249 2.4249 2.4249 2.425 2.4248 2.4249 2.425 2.4248 2.4253
b0.034 2.425 2.4251 2.4247 2.425 2.425 2.4252 2.4251 2.425 2.4251 2.4249 2.4247 2.4249 2.4252 2.4245 2.4251 2.4248 2.4248 2.4245 2.4249 2.425 2.4248 2.4249 2.4252 2.4245 2.4248 2.4249 2.425 2.4248 2.4249 2.4251 2.4249 2.4252 2.4249 2.4255 0.3626 2.4248 0.363 2.4252 2.4253 0.3632 2.4251 2.4249 2.425 2.4248 2.4248 2.4251 2.425 2.425 2.4247 0.3635
b0.036000000000000004 2.425 2.4247 2.4247 2.4251 2.4249 2.425 2.4251 2.4249 2.4253 2.4251 0.3636 2.425 2.4247 2.4253 2.4249 2.4247 2.4247 2.4249 2.4254 2.4248 0.3634 2.4248 2.425 2.4249 2.4249 2.4248 2.425 2.4249 2.4249 2.425 2.4248 2.425 2.425 2.4245 2.4247 0.3629 2.4249 2.4251 2.4246 2.425 2.4249 2.4248 2.425 0.3633 2.4246 2.4251 2.4253 2.4248 0.3631 2.4247
b0.038 2.4248 2.4249 2.4247 2.4248 0.3634 2.4252 2.4253 2.4249 2.4246 2.425 2.4248 0.3633 2.4249 2.4247 2.4251 2.4251 2.4247 2.4249 2.4246 2.4247 2.4248 2.4247 2.4251 2.4252 2.4251 2.4251 2.4248 2.4253 2.4248 2.425 2.4249 2.425 0.3639 2.4247 2.4251 2.4252 2.425 2.4249 2.4248 2.4246 2.4251 2.4252 2.4249 2.425 2.4254 2.4251 2.4249 2.4247 0.363 2.4249
b0.04 2.4249 2.4245 2.4247 2.4251 2.425 2.4251 0.3631 2.4251 2.4249 2.4247 2.425 0.3631 0.3635 2.4252 2.4252 2.4249 2.425 2.4247 2.4249 2.4251 2.4247 2.4252 2.4247 2.4249 2.4252 2.4248 2.425 2.4177 2.4251 2.4248 2.4251 2.4249 2.4251 2.425 2.4251 2.425 0.3634 2.4248 2.4247 2.4253 2.425 2.425 2.4248 2.425 2.4249 2.4251 2.4246 2.4246 2.425 2.4251
b0.042 2.4252 2.4248 2.4251 2.4247 2.4245 2.4255 2.4248 2.425 2.425 2.4248 2.4254 2.4251 2.4251 2.4246 2.4253 2.425 0.3634 2.4247 2.4253 2.4247 2.4246 2.4252 2.4246 0.3639 2.4246 2.4247 2.4246 2.4249 2.4251 2.4253 2.4248 2.4249 2.425 2.4251 2.425 2.4252 2.4247 2.4251 2.4246 2.4248 2.4247 0.3632 2.4253 0.3639 2.4249 2.4252 2.425 2.4247 2.4245 2.4251
b0.044 2.4249 2.4249 2.4253 2.4249 2.425 2.4248 2.425 2.4245 2.4251 2.4249 2.4247 2.4247 2.4254 2.4249 2.4248 2.425 2.425 2.4252 2.4247 2.4245 2.4246 2.4252 2.425 2.4248 2.4248 2.4251 2.4251 2.4252 2.4251 2.4253 2.425 2.424 2.4247 2.4249 2.4248 2.4248 2.4247 2.4249 2.4248 0.363 2.4249 2.4248 2.425 2.4249 2.4256 2.4253 2.4248 2.4249 2.4248 2.4253
b0.046 2.4248 2.4251 2.4248 2.4251 2.4251 0.3627 2.4252 2.4251 2.4253 2.4247 2.4254 2.4249 2.4245 2.4248 2.4248 2.4251 2.4247 2.4253 2.4252 2.4251 2.4251 2.425 0.364 0.363 2.4249 2.4251 0.3631 2.4246 2.4244 2.4249 2.4249 2.4252 2.425 2.4248 2.4246 2.4249 2.4246 2.4251 2.4251 2.4249 2.4253 2.425 2.4251 2.4244 2.4246 2.4253 2.4252 2.4247 2.425 2.4248
b0.048 2.4251 2.4242 2.425 2.4251 2.4251 2.4252 2.4247 2.4248 2.4248 2.4248 2.4249 2.4251 2.425 2.425 2.4252 2.4252 2.4246 2.4249 2.4251 2.4247 2.425 2.4251 2.4249 2.425 2.4243 2.4253 2.4249 2.4252 2.4252 2.4248 0.3634 2.4254 2.4251 2.4252 2.4248 2.4254 2.4249 2.4253 2.4247 2.4255 2.425 0.3646 2.4251 2.4251 2.4247 2.4253 2.425 2.4249 0.3639 2.4247
b0.05 2.4249 2.4247 2.4252 2.425 2.4249 2.4252 2.425 2.425 2.4246 2.4245 2.4255 2.4253 2.425 2.4251 2.4244 0.3638 2.4245 2.4248 2.425 0.3644 2.425 2.4251 2.4248 2.4251 2.4252 2.425 2.4248 2.4252 2.4251 2.4248 2.4251 2.425 2.4252 2.425 2.4246 2.4247 2.425 2.4255 2.4245 2.4252 2.4251 2.425 2.4252 2.4252 2.4247 2.4247 2.4244 2.4248 2.425 0.3632
b0.052000000000000005 2.4246 2.4247 2.4251 2.4252 2.4247 2.4246 0.3646 2.425 2.4247 2.4242 2.4251 2.4246 2.4248 2.4253 2.4248 2.4248 2.4251 2.4255 2.4252 2.4251 2.4242 2.425 0.3632 2.4251 2.4249 0.3644 2.4251 0.3636 2.4255 2.4248 2.4248 0.3628 2.4252 2.4244 2.425 2.4249 2.425 2.4249 2.4249 2.4249 2.4248 2.425 2.425 2.4249 2.4247 2.4248 2.4252 2.4246 2.4246 2.425
b0.054 2.425 2.4248 2.4249 2.4255 2.4254 2.4256 2.425 2.425 0.3638 0.3628 2.4253 2.4255 2.4248 2.425 2.4253 2.425 2.4247 2.4249 2.4246 2.4253 2.4246 2.4249 2.4248 2.4249 2.4247 2.4252 2.4249 0.3639 2.4251 2.4248 2.425 2.4253 2.4245 2.425 2.4242 2.4251 2.4252 2.4247 0.364 2.4251 2.4254 2.4248 2.425 2.4248 2.4253 2.425 2.4247 2.425 0.364 2.4249
b0.056 2.425 2.4245 2.4248 2.4251 2.4251 2.425 2.4249 2.4251 2.4249 2.4258 2.4246 2.4255 2.4249 2.4247 2.4255 2.4252 0.3639 2.4248 2.4252 2.4252 2.4247 2.4248 2.4254 2.4248 2.4246 2.4248 2.4246 2.425 2.4251 0.3628 2.4249 2.4251 2.425 2.4251 2.4244 2.4246 2.4251 2.4253 2.425 2.4251 2.4249 2.4252 2.4247 2.4246 0.3627 2.4251 2.4245 2.4249 2.4246 2.4249
b0.058 2.4249 2.4253 2.4247 2.425 2.4245 2.4251 2.4251 2.4245 0.3647 2.4249 2.4251 2.425 2.425 2.425 2.4251 2.4254 2.4248 2.425 2.4249 2.4249 2.4248 0.3638 2.4246 2.4253 2.4246 2.4247 0.3628 2.4244 2.4248 2.4249 2.4252 2.4247 2.4251 2.4248 2.4252 2.4252 2.425 2.4251 2.4253 2.4251 0.364 2.4247 2.4254 2.4248 2.4244 2.4253 2.425 2.4254 2.4249 2.4253
b0.06 2.425 2.4247 2.4254 2.4253 2.4254 2.4248 2.4244 2.4246 2.425 2.4253 2.4249 2.425 2.4249 2.425 2.4254 2.425 2.4247 2.4256 2.425 2.4251 2.425 2.4252 2.4247 2.4246 2.4251 2.425 2.4248 0.3627 2.4252 0.3637 2.4247 2.4252 2.4244 2.4247 2.4245 2.4182 2.4249 2.4247 2.4177 2.4249 2.4247 2.4251 2.4251 2.4248 2.4247 2.4248 2.4252 2.4248 2.4252 2.4243
b0.062 2.425 2.4242 2.4248 2.4245 2.425 2.4243 2.4251 0.3631 2.4244 2.4252 2.4247 2.4249 2.4243 2.4245 0.3625 2.4246 2.4253 2.4246 2.4246 2.4249 2.4251 2.4252 0.3637 2.4249 2.4246 2.4248 2.4246 2.4247 2.4248 2.4249 0.3635 2.4247 2.4251 2.4249 2.4247 2.4248 2.4252 2.4253 2.4253 2.4248 2.425 2.4245 2.4254 2.4244 2.4254 2.4243 2.425 2.425 2.4254 2.4252
b0.064 0.3642 2.4253 2.4256 2.4251 2.4249 2.4248 2.4251 2.4245 2.425 2.4247 2.4252 2.4251 2.4247 2.4253 2.4254 2.4245 2.4255 2.4247 2.4244 0.3648 2.4247 2.4248 2.4244 2.4254 2.4252 2.4254 2.4249 2.4252 2.4248 2.4252 0.3625 0.3629 2.4247 0.3643 2.4248 0.3629 2.4244 0.3631 2.4252 2.425 2.4247 2.4251 2.425 2.4249 2.4248 2.4247 2.4248 2.4254 0.3641 2.4243
b0.066 2.425 2.4242 2.4254 2.4246 2.4252 2.4251 2.4256 0.364 2.4253 2.4251 2.4246 2.4245 2.4252 2.4246 2.4251 2.4255 2.4249 2.4251 2.4247 2.4243 2.4253 2.4251 2.4251 2.4246 2.4254 2.4247 2.4249 2.4246 0.3621 0.3632 2.4248 2.425 2.4186 2.4253 0.3658 0.3638 2.4244 2.4253 2.4242 2.4246 0.3646 2.4247 0.364 2.425 2.4247 2.4253 2.4246 0.3644 2.4243 2.4253
b0.068 2.4248 2.4252 2.4244 2.4246 2.4245 2.425 2.426 2.4255 0.3627 2.4253 2.4245 0.3628 2.4249 2.4257 2.4243 2.4252 2.4248 2.4248 2.4253 2.4245 2.4253 2.4259 2.4251 2.4247 2.4254 0.3638 0.3649 2.4246 2.4248 2.4252 2.4252 2.4255 2.4241 2.4254 2.4253 0.3644 2.4246 2.4253 2.4249 2.4249 2.425 2.425 2.4249 2.425 2.4247 2.4248 2.4243 2.4242 2.4245 2.4255
b0.07 0.3638 0.3668 2.4244 2.4178 2.424 2.4248 2.4247 2.4257 2.4249 2.4254 0.3647 2.4248 2.4177 2.4244 2.4247 0.3634 2.4254 2.4245 2.4248 0.3645 2.4246 2.4251 2.4255 2.4247 2.4251 2.4176 2.4248 2.4253 2.4242 2.425 2.4243 0.3633 2.4252 2.4247 0.3644 2.425 2.4253 2.4249 0.3637 2.4248 2.4258 2.4252 2.4249 2.4248 2.4249 2.4248 2.4251 2.4247 2.4251 2.4249
b0.07200000000000001 2.4255 2.4249 0.3662 2.4247 2.4249 2.4251 2.4249 0.3651 0.3635 2.4248 2.4256 2.425 2.4253 2.4246 2.4251 0.3623 2.4251 2.4253 2.4252 2.4251 2.4251 2.4246 2.4254 2.4254 2.4248 2.4249 2.4249 2.425 2.4248 2.4249 2.4241 2.4245 2.4259 2.4246 2.4248 2.425 2.4246 2.4246 2.4246 2.4249 2.4256 2.4242 2.4249 2.4254 0.3648 2.4244 2.4245 2.4251 2.4251 2.4254
b0.074 2.4249 2.4243 0.3638 2.4246 2.4247 2.4247 2.4248 2.4246 2.4253 2.4244 2.4177 0.3634 2.4251 2.4253 2.425 2.4252 2.4248 2.4243 2.4252 0.3627 2.4249 2.4178 2.4248 2.4249 2.4239 2.4254 2.4244 2.4249 2.4245 0.3638 2.4251 2.4246 2.4251 2.4253 2.4248 2.4252 0.3625 2.4241 2.425 2.4248 2.4248 0.3632 2.4245 2.4249 2.4255 2.4246 2.4178 2.4247 2.4249 2.4247
b0.076 2.4252 2.4251 2.4248 2.4254 2.4252 2.4253 2.4258 2.425 2.4247 0.3661 2.425 0.3638 2.4245 2.4243 2.4246 2.4245 0.3625 2.4246 2.4252 2.4253 2.4248 2.4248 2.4242 2.4245 0.3644 2.4243 2.4257 2.4246 2.4246 2.4249 2.4251 2.4255 2.4252 2.4254 0.3652 2.425 0.3629 2.425 0.3643 0.3634 2.4253 2.425 2.4257 2.4246 2.4238 2.425 0.3638 2.4179 2.4251 2.4258
b0.078 2.4252 2.4244 2.4251 2.425 2.4249 0.3634 0.3642 2.425 2.4247 2.4249 2.425 2.4244 2.4255 2.425 2.4249 0.3644 2.4248 2.4247 2.425 2.425 2.4251 2.4243 2.4258 2.4246 2.4241 2.425 2.4246 0.3634 2.4248 2.4245 2.4254 2.4249 2.4249 2.4241 2.425 2.425 0.3638 2.4251 2.4249 2.4252 2.4252 2.4248 2.4241 2.4246 0.3643 0.3642 2.4246 2.425 2.4247 2.4251
b0.08 2.4249 2.4245 0.3632 2.4255 2.425 0.3643 2.4256 2.4241 2.425 2.4254 0.364 0.3626 0.3635 2.4241 2.4251 2.4256 2.4252 0.3636 2.4248 2.425 2.4245 2.4248 2.4245 2.4245 2.4252 2.4254 2.4251 0.7643 2.426 2.4171 0.364 2.4252 2.425 2.4252 2.4255 2.4251 0.7649 2.4247 0.3637 2.4244 2.4256 2.4251 2.4242 2.4248 2.4255 0.3656 2.4243 2.4253 2.4246 0.3642
b0.082 0.3627 2.4246 2.4239 2.4179 2.4247 2.4245 2.4247 0.3637 2.4241 2.4243 2.4258 2.4252 2.4242 2.4253 2.425 2.4249 2.4259 0.3647 2.4252 0.3622 0.3626 2.4257 2.4247 2.4252 2.4244 2.4241 2.4249 2.4246 0.3643 2.4179 0.3638 2.4247 2.4244 2.4247 2.4249 2.4248 2.4256 0.3638 2.4249 2.4254 2.4253 2.425 2.4255 2.4245 2.425 2.4253 0.3649 2.4249 2.4244 2.4246
b0.084 2.4252 0.3631 2.4185 0.3641 0.364 2.4254 2.4243 2.4256 2.426 2.4248 2.4249 0.3636 2.4248 2.4244 2.4245 2.4251 2.4252 2.4248 2.4249 2.425 2.4251 2.425 2.4254 2.4253 2.4257 2.4255 2.4246 2.4249 0.3758 2.4246 0.3637 2.4245 2.4253 0.3647 2.4251 2.4243 0.3646 2.4242 0.3637 2.4249 2.4247 0.3638 2.4249 0.3643 2.4248 2.4248 0.3642 2.425 2.4249 2.4244
b0.08600000000000001 2.426 2.4252 0.3647 2.4256 2.4254 2.4241 2.4243 2.4257 2.4245 2.4244 2.4246 2.4243 2.4246 2.4255 0.3642 2.4245 2.4178 0.363 0.3635 2.425 2.4259 2.424 2.4248 0.3636 2.4243 2.4262 2.4248 2.4249 2.425 2.4258 2.4248 2.425 0.3646 2.4247 0.3616 2.4244 2.4247 2.4256 2.4246 0.365 2.4249 2.4178 2.4246 2.4256 2.425 2.4262 0.3633 2.4261 2.425 2.4248
b0.088 2.4245 0.8022 2.4253 2.4255 0.3647 2.4247 0.3636 2.4247 0.3642 2.4248 2.4248 2.425 2.425 2.4252 2.4247 2.4257 2.4243 2.4255 2.4251 2.4239 2.4241 2.4251 2.4246 2.4252 0.3643 2.4241 2.4249 2.4242 2.4249 2.4254 2.4254 2.4255 2.4246 2.425 2.424 0.3758 2.4246 2.4242 2.4181 0.3625 2.4244 2.424 2.4254 2.4247 0.3648 2.4246 2.425 2.4254 0.3647 2.4249
b0.09 2.4252 0.3634 2.4253 0.3654 2.4245 2.4249 2.4246 2.4254 2.4244 2.4248 2.4249 2.4254 2.4246 2.4244 2.4246 0.3649 2.4254 2.4251 2.4253 0.3632 2.4248 2.4248 0.3669 0.367 2.4246 2.4247 2.4248 2.4249 2.4252 2.425 2.4245 2.4253 2.4252 2.4248 2.4259 2.4244 2.4256 2.4251 0.3629 2.4249 2.425 2.425 0.3648 2.4243 2.426 2.4254 2.4246 2.4252 2.4247 2.4252
b0.092 0.7711 2.4248 2.4242 2.4259 2.425 0.7791 2.425 2.4253 2.4253 2.4249 2.4246 2.418 2.4246 0.3641 2.4247 2.4245 2.4248 0.3635 2.4246 2.4253 2.4244 0.3642 2.4256 2.4247 2.4253 2.4255 2.4256 2.4253 2.4253 2.4254 0.3657 2.4247 2.4255 2.4241 0.3648 2.4243 0.3644 0.3637 0.7745 0.7694 2.4248 2.4249 2.4242 2.4256 2.4249 0.3642 2.4246 2.4187 2.4253 2.4249
b0.094 2.4254 2.4252 2.4243 2.4244 0.3615 2.4249 2.4248 2.4241 0.3648 2.4239 2.4254 0.3633 2.4253 2.425 2.4243 2.4252 2.4258 2.4253 2.4251 2.4252 2.4251 2.4247 2.424 2.4248 0.3644 2.4242 0.3635 2.4262 0.3644 2.4251 2.4247 2.4254 2.4249 2.4259 2.425 2.424 2.4252 2.4244 2.4248 2.4243 2.4248 2.4249 2.4258 2.4239 0.364 2.4248 2.4251 2.4254 0.3639 0.3645
b0.096 2.4247 2.4255 2.4249 2.4246 2.4243 2.4248 0.3625 2.425 2.4252 0.3637 2.4247 2.425 2.4249 2.425 2.4244 0.3649 2.4251 2.4245 2.4252 2.425 2.4246 2.425 2.4184 2.4252 2.4181 2.4252 2.4249 2.4253 2.4256 0.3627 2.4251 2.4246 0.3638 2.4248 2.4251 2.4242 0.3754 2.4249 2.4249 2.4257 0.364 2.4256 0.3631 2.4245 0.3654 2.4256 2.4245 2.4254 2.4255 2.425
b0.098 2.4247 2.4242 2.4255 2.4242 0.3636 2.4251 2.4246 2.4252 2.4242 2.4244 0.3625 2.425 2.4252 2.4249 2.4258 2.4256 2.4254 2.4253 2.4253 2.4242 0.3625 0.3639 2.4177 2.4245 2.4254 2.4259 0.7698 2.4173 0.3655 0.3628 2.4253 2.4248 2.4249 2.4258 0.3642 2.4239 2.4262 2.4246 2.425 2.4246 2.425 0.3757 0.3654 0.3642 2.4262 2.4254 2.4239 2.4246 0.3651 2.425
b0.1 0.3677 2.4251 2.4255 2.4249 2.4251 2.4254 0.3608 2.4242 0.363 0.364 2.4245 0.7686 0.3658 2.4243 2.4248 2.4257 2.4252 2.4243 2.4251 2.4251 2.4241 2.4249 2.4249 2.4247 2.4248 0.363 0.3645 0.3646 2.425 2.4179 2.4248 0.3634 2.4243 0.3639 2.425 2.4246 2.4241 2.4242 2.4255 0.7724 2.4252 0.364 2.424 2.4175 2.4249 0.364 0.364 2.4249 2.4249 2.4246
