m0.0 0.0 0.0 0.0 0.0 0.0 0.0 0.0 0.0 0.0 0.0 0.0 0.0 0.0 0.0 0.0 0.0 0.0 0.0 0.0 0.0 0.0 0.0 0.0 0.0 0.0 0.0 0.0 0.0 0.0 0.0 0.0 0.0 0.0 0.0 0.0 0.0 0.0 0.0 0.0 0.0 0.0 0.0 0.0 0.0 0.0 0.0 0.0 0.0 0.0 0.0
m0.002 0.316 0.0614 0.1368 0.3497 0.302 0.0697 0.4959 0.3047 0.1094 0.3863 0.1241 0.0811 0.2874 0.2011 0.3179 0.4399 0.2701 0.092 0.3728 0.1336 0.3176 0.0855 0.3184 0.0939 0.1814 0.1064 0.0921 0.0805 0.458 0.0936 0.0626 0.0611 0.2187 0.1903 0.4082 0.1204 0.0636 0.0547 0.1804 0.0952 0.1126 0.2205 0.307 0.0626 0.2661 0.1301 0.1379 0.1503 0.1282 0.0761
m0.004 0.1625 0.3211 0.3099 0.2238 0.103 0.2829 0.2174 0.2904 0.0692 0.3144 0.6403 0.3003 0.2117 0.0648 0.0701 0.292 0.3021 0.1515 0.0 0.2929 0.0 0.0814 0.24 0.3099 0.3605 0.3119 0.112 0.0769 0.296 0.0703 0.2955 0.2875 0.0674 0.1256 0.3084 0.4332 0.1526 0.3086 0.3015 0.3074 0.0981 0.3006 0.1019 0.3111 0.3026 0.0901 0.3565 0.261 0.2871 0.2788
m0.006 0.3043 0.4702 0.3161 0.3187 0.078 0.2688 0.2816 0.2969 0.152 0.3801 0.3081 0.3177 0.217 0.0983 0.1297 0.5327 0.6284 0.3179 0.5734 0.3848 0.1012 0.1314 0.3104 0.4203 0.143 0.1206 0.4234 0.1585 0.0828 0.1128 0.3169 0.2931 0.3168 0.3135 0.3197 0.3624 0.4537 0.062 0.3241 0.3165 0.3183 0.2775 0.3386 0.4121 0.3189 0.298 0.113 0.3078 0.3028 0.2942
m0.008 0.8239 0.4327 0.3527 0.2851 0.4244 0.2932 0.7037 0.2699 0.2715 0.4519 0.3421 0.0602 0.2943 0.369 0.0945 0.4163 0.303 0.3143 0.4229 0.3162 0.3107 0.2869 0.2882 0.3003 0.3001 0.1118 0.4076 0.5443 0.374 0.2855 0.534 0.0623 0.2996 0.3168 0.3513 0.5039 0.37 0.3118 0.9322 0.233 0.1686 0.0 0.2932 0.2965 0.3102 0.3576 0.3153 0.0525 0.3681 0.2972
m0.01 0.0661 0.2662 0.4408 0.2761 0.3255 0.1184 0.4161 0.1135 0.3069 0.2917 0.0867 0.2584 0.1442 0.2349 0.5971 0.2782 0.071 0.1761 0.1304 1.0167 0.2664 0.2973 0.3798 0.2763 0.1004 0.3212 0.0769 0.0 0.3103 0.0 0.0904 0.2058 0.1317 0.1522 0.3397 0.3133 0.0719 0.2177 0.1218 0.3417 0.2686 0.6959 0.0844 0.1722 0.0846 0.3317 0.3112 0.3459 0.113 0.2895
m0.012 0.0823 0.1247 0.0759 0.0923 0.2647 0.0743 0.2957 0.249 0.222 0.3151 0.5032 0.3226 1.1558 0.6952 0.312 0.4749 0.3508 0.2757 0.2562 0.0631 0.0606 0.0669 0.3128 0.3002 0.4291 0.1346 0.3223 0.3147 0.0743 0.3069 0.3508 0.3311 0.117 0.371 0.6996 0.3115 0.5517 0.3177 0.28 0.2994 0.1376 0.1068 0.2588 0.0 0.1287 0.1412 0.2879 0.1696 0.2982 0.0823
m0.014 0.2981 0.1667 0.075 0.09 0.0894 0.0662 0.0634 0.2768 0.2936 0.4592 0.3863 0.3216 0.2989 0.0627 0.1837 0.2778 0.559 0.3047 0.2978 0.2483 0.3129 0.2636 0.0 0.2709 0.367 0.0725 0.3658 0.2704 0.3403 0.1917 0.0 0.4381 0.0734 0.0808 0.2761 0.2979 0.0879 0.0707 0.252 0.3101 0.418 0.2736 0.291 0.2288 0.2956 0.2951 0.2885 0.0776 0.2931 0.0982
m0.016 0.0969 0.0664 0.2987 0.0778 0.1931 0.235 0.1204 0.353 0.2186 0.3184 0.3123 0.2768 0.3029 0.0757 0.3329 0.3025 0.3813 0.313 0.3133 0.0581 0.3056 0.2053 0.1919 0.3487 0.4284 0.257 0.3171 0.1173 0.2869 0.4389 0.1021 0.0668 0.2064 0.2985 0.1567 0.0757 0.5456 0.0823 0.1172 0.8494 0.1441 0.3158 0.2181 0.0 0.0 0.3593 0.0533 0.3967 0.3185 0.3154
m0.018000000000000002 0.2869 0.437 0.0652 0.4042 0.0719 0.234 0.6606 0.0753 0.1041 0.1111 0.1526 0.2125 0.3335 0.1209 0.1646 0.3169 0.1088 0.1676 0.0775 0.3172 0.2945 0.3097 0.597 0.4659 0.0759 0.3082 0.3165 0.0667 0.3148 0.1055 0.2148 0.3035 0.38 0.3721 0.0821 0.3294 0.4076 0.2168 0.3194 0.118 0.0 0.295 0.0708 0.0878 0.1407 0.3652 0.8956 0.3076 0.5248 0.3733
m0.02 0.4022 0.2871 0.0571 0.1042 0.608 0.6282 0.0863 0.3937 0.3563 0.0856 0.3579 0.0902 0.4226 0.0678 0.3922 0.3482 0.4555 0.4316 0.5983 0.1041 0.0896 0.5419 0.3162 0.5687 0.9655 0.2157 0.0872 0.2402 0.1151 0.1823 0.2987 0.4394 0.176 0.3068 0.072 0.1396 0.1488 0.0 0.6702 0.1185 0.0643 0.1521 0.2394 0.3166 0.07 0.3262 0.2678 0.0885 0.2365 0.2702
m0.022 0.0763 0.4367 0.293 0.319 0.3485 0.3943 0.0993 0.0871 0.6431 0.1345 0.4674 0.2451 0.1513 0.3253 0.1665 0.6494 0.0697 0.0823 0.0842 0.4022 0.6804 0.0653 0.0 0.0681 0.3051 0.3578 0.1001 0.2407 0.8711 0.0611 0.1044 0.3106 0.4047 0.0729 0.1277 0.2873 0.1472 0.2016 0.0784 0.3243 0.2769 0.1893 0.0487 0.3066 0.0795 0.389 0.3714 0.0621 0.4685 0.2936
m0.024 0.0637 0.1336 0.2969 0.5436 0.2334 0.3704 0.268 0.0 0.5601 0.0685 0.1016 0.2528 0.1116 0.0708 0.4657 0.2985 0.0664 0.3654 0.0658 0.0801 0.48 0.3894 0.2933 0.3314 0.2949 0.2725 0.1218 0.0898 0.5744 0.2903 0.1505 0.2393 0.3605 0.429 0.3598 0.3078 0.3879 0.0946 0.2984 0.4361 0.0611 0.3679 0.3059 0.0822 0.1245 0.5939 0.3863 0.5558 0.2656 0.688
m0.026000000000000002 0.1451 0.3506 0.3069 0.262 0.2087 0.2391 0.3852 0.2984 0.4232 0.3053 0.4183 0.3016 0.0819 0.5744 0.2573 0.3484 0.4424 0.265 0.4354 0.4316 0.046 0.1372 0.1467 0.3209 0.1913 0.1859 0.8138 0.2812 0.0883 0.3182 0.3194 0.0899 0.2764 0.456 0.3643 0.4279 0.3462 0.2853 0.4602 0.0713 0.0695 0.3126 0.349 0.3574 0.1008 0.314 0.6324 0.2117 0.2284 0.3569
m0.028 0.4113 0.2552 0.3423 0.1412 0.1221 0.1568 0.2491 0.2948 0.5991 0.2644 0.0955 0.3226 0.0 0.0 0.3996 0.4897 0.2305 0.0682 0.2976 0.1127 0.0927 0.3802 0.1115 0.4205 0.273 0.2692 0.3534 0.0969 0.3109 0.0918 0.2991 0.0615 0.11 0.102 0.3109 0.2822 0.0831 0.2521 0.2647 0.281 0.3067 0.3467 0.3152 0.4039 0.1863 0.2683 0.2782 0.1111 0.0843 0.0711
m0.03 0.1449 0.3751 0.2401 0.1962 0.2911 0.6889 0.3208 0.1082 0.0624 0.1425 0.2632 0.0844 0.2159 0.2679 0.3118 0.3484 0.4072 0.2783 0.2609 0.3813 0.3911 0.2839 0.3604 0.0673 0.249 0.1969 0.5064 0.2599 0.3542 1.3165 0.4117 0.064 0.0815 0.2399 0.0612 0.2984 0.0883 0.2227 0.4213 0.1201 0.2377 0.4789 0.0613 0.1559 0.318 0.1144 0.3134 0.2713 0.3964 0.3339
m0.032 0.296 0.367 0.0599 0.6826 0.3203 0.1003 0.0858 0.0621 0.3281 0.1588 0.0 0.3886 0.3158 0.1918 0.3428 0.2333 0.3791 0.3578 0.1713 0.2014 0.3996 0.1012 0.3186 0.0998 0.2164 0.3834 0.2382 0.19 0.2455 0.3141 0.2855 0.3336 0.0573 0.1041 0.3234 0.5548 0.3529 0.1008 0.1896 0.3014 0.8823 0.3943 0.1038 0.4733 0.0802 0.29 0.3072 0.3045 0.1758 0.2268
m0.034 0.2587 0.2889 0.3471 0.4121 0.2647 0.1243 0.2784 0.449 0.3744 0.1985 0.1514 0.416 0.056 0.4179 0.072 0.4916 0.9722 0.2817 0.2682 0.0983 0.0698 0.228 0.2584 0.3967 0.1188 0.2476 0.4315 0.3352 0.0625 0.2679 0.1145 0.2791 0.265 0.2895 0.3735 0.0679 0.063 0.3362 0.0711 0.114 0.3431 0.3958 0.4372 0.349 0.068 0.4341 0.1278 0.2558 0.2918 0.1034
m0.036000000000000004 0.3696 0.4923 0.2796 0.0486 0.4515 0.0794 0.29 0.0755 0.6109 0.2213 0.2721 0.3413 0.4451 0.1103 0.1131 0.6403 0.4611 0.3557 0.2987 0.4023 0.3135 0.0769 0.3047 0.277 0.0634 0.2084 0.2969 0.1957 0.1253 0.3532 0.4854 0.2047 0.2506 0.3022 0.0601 0.0863 0.3408 0.0644 0.1355 0.6008 0.2088 0.0613 0.1318 0.4301 0.2825 0.2613 0.4022 0.3229 0.13 0.3365
m0.038 0.2839 0.4383 0.3442 0.2796 0.2722 0.3113 0.2717 0.1896 0.3233 0.1229 0.4236 0.2651 0.5085 0.4265 0.1046 0.3045 0.4137 0.2171 0.4932 0.3156 0.3415 0.2795 0.3769 0.2034 0.2629 0.1635 0.0823 0.3245 0.1353 0.2822 0.3768 0.2007 0.2485 0.0752 0.3775 0.089 0.1779 0.2791 0.4006 0.3974 0.0642 0.2828 0.1754 0.2624 0.547 0.2114 0.2503 0.0512 0.3119 0.4719
m0.04 0.2749 0.3284 0.1322 0.3013 0.2057 0.2698 0.1578 0.0772 0.251 0.2879 0.4632 0.1045 0.1714 0.2748 0.5389 0.5448 0.4197 0.3873 0.2662 0.3296 0.0948 0.4808 0.0689 0.2572 0.2606 0.2294 0.1497 0.0557 0.2286 0.1032 0.488 0.1034 0.2634 0.4044 0.3097 0.2575 0.2888 0.3918 0.0858 0.1964 0.3913 0.3029 0.348 0.3894 0.2745 0.4879 0.2646 0.4424 0.2185 0.1302
m0.042 0.4344 0.2514 0.3018 0.3778 0.341 0.3334 0.2753 0.1262 0.4729 0.2794 0.2682 0.2563 0.2824 0.3697 0.2683 0.4674 0.306 0.2834 0.1566 0.3465 0.4163 0.2684 0.2687 0.2684 0.379 0.1205 0.3623 0.4554 0.1316 0.4239 0.4461 0.2489 0.5783 0.268 0.3671 0.1161 0.3272 0.0559 0.2863 0.1796 0.5984 0.4153 0.268 0.2049 0.3492 0.3673 0.2685 0.061 0.3123 0.2567
m0.044 0.3099 0.2573 0.2904 0.3913 0.2613 0.2847 0.0817 0.0923 0.3546 0.3335 0.2638 0.3 0.2697 0.1121 0.7621 0.0558 0.0615 0.2751 0.5352 0.0 0.2841 0.253 0.3792 0.0942 0.0 0.474 0.3703 0.2809 0.2521 0.0528 0.2826 0.2757 0.1901 0.3208 0.2772 0.0763 0.1239 0.27 0.2161 0.3464 0.4577 0.2629 0.1339 0.3874 0.2735 0.3896 0.4424 0.1417 1.2922 0.1104
m0.046 0.2582 0.2707 0.1187 0.3927 0.3366 0.2779 0.2595 0.3513 0.3008 0.6327 0.1736 0.2808 0.147 1.011 0.3463 0.3214 0.4018 0.2722 0.3867 0.3533 0.3317 0.3293 0.0935 0.2576 0.3573 0.2724 0.2634 0.2815 0.2815 0.4352 0.0494 0.7202 0.3036 0.0787 0.5155 0.3001 0.2873 0.2782 0.2764 0.1906 0.0674 0.2842 0.0726 0.2895 0.1293 0.3739 0.2249 0.2443 0.186 0.3372
m0.048 0.2571 0.3834 0.2491 0.3322 0.3797 0.4102 0.1233 0.2902 0.2604 0.2888 0.2929 0.2767 0.1311 0.7875 0.3314 0.0791 0.5969 0.1968 0.6421 0.468 0.298 0.0894 0.4858 0.4607 0.2544 0.2112 0.0821 0.0862 0.3056 0.1207 0.3895 0.2645 0.0762 0.3636 0.0661 0.1612 0.2438 0.3451 0.3373 0.3363 0.2333 0.2663 0.2606 0.2877 0.391 0.29 0.4026 0.2752 0.3742 0.2963
m0.05 0.488 0.0972 0.4036 0.3157 0.2145 0.6573 0.1757 0.306 0.3424 0.2927 0.2856 0.3197 0.6655 0.0705 0.271 0.4232 0.2756 0.3997 0.3176 0.2976 0.2096 0.302 0.3102 0.3044 0.5791 0.0808 0.2787 0.2216 0.3897 0.43 0.0869 0.2633 0.0814 0.2719 0.4244 0.1251 0.6583 0.4663 0.1184 0.3582 0.5025 0.3217 0.2688 0.4461 0.3201 0.2724 0.3212 0.2725 0.4938 0.4944
m0.052000000000000005 0.1309 0.0584 0.0973 0.22 0.1088 0.3072 0.2697 0.0836 0.2586 0.4639 0.0734 0.3236 0.0999 0.2095 0.0932 0.3032 0.4025 1.133 0.282 0.279 0.3191 0.1676 0.2879 0.2733 0.4486 0.3822 0.3205 0.365 0.389 0.1758 0.0696 0.3566 0.0972 0.2271 0.2268 0.0781 0.2202 0.2623 0.4733 1.7119 0.1403 0.2786 0.083 0.2759 0.3541 0.067 0.2806 0.6026 0.2762 0.2214
m0.054 0.2933 0.5133 0.2636 0.2552 0.2779 0.2738 0.3939 0.3034 0.3527 0.3177 0.2588 0.2557 0.2897 0.3372 0.3096 0.2687 0.343 0.298 0.1392 0.3302 0.2579 0.3044 0.0529 0.3224 0.3251 0.1405 0.2516 0.1241 0.0796 0.2595 0.3342 0.2863 0.2656 0.5216 0.1127 0.3152 0.39 0.3097 0.2736 0.3845 0.2872 0.2692 0.3569 0.2796 0.0808 0.0745 0.2458 0.5017 0.4588 0.7058
m0.056 0.3284 0.0643 0.2484 0.2689 0.4217 0.0876 0.2561 0.2706 0.2047 0.288 0.3218 0.2897 0.0945 0.2764 0.2946 0.0 0.2795 0.2763 0.2624 0.257 0.2605 0.3912 0.2868 0.2343 0.1368 0.2404 0.3755 0.0676 0.5002 0.2614 0.3569 0.0882 0.6259 0.2714 0.9634 0.194 0.3754 0.2881 0.3294 0.284 0.1399 0.3323 0.2989 0.3161 0.1701 0.3565 0.3063 0.3054 0.2871 0.3405
m0.058 0.26 0.9861 0.3472 0.2074 0.2705 0.3024 0.2662 0.2696 0.3103 0.2828 0.264 0.0953 0.922 0.2796 0.341 0.3223 0.1001 0.0666 0.4458 0.0786 0.2846 0.3461 0.302 0.3361 0.3419 0.253 0.2685 0.317 0.3258 0.2585 0.2701 0.0695 0.3951 0.2797 0.2808 0.5198 0.2822 0.316 0.459 0.1086 0.2975 0.0926 0.149 0.272 0.2654 0.3822 0.2531 0.3875 0.2307 0.3345
m0.06 0.2521 0.2736 0.2986 0.2704 0.062 0.7735 0.4421 0.372 0.6144 0.2503 0.298 0.2976 0.2908 0.4125 0.3475 0.3165 0.2764 0.281 0.4134 0.0775 0.1262 0.2728 0.3654 0.2549 0.0577 0.2481 0.3005 0.3078 0.2798 0.2048 0.2749 0.2832 0.2334 0.3265 0.1405 0.3044 0.3075 0.2452 0.2924 0.2648 0.3643 0.2841 0.2997 0.2701 0.2493 0.4128 0.2597 0.2585 0.3084 0.2913
m0.062 0.4115 0.3032 0.076 0.3941 0.3115 0.3218 0.3767 0.3012 0.429 0.4702 0.3004 0.3393 0.3226 0.2881 0.2518 0.289 0.3416 1.0662 0.3046 0.1374 0.3469 0.2905 0.2397 0.6162 0.2762 0.2104 0.2773 0.3542 0.3148 0.4079 0.3722 0.2412 0.266 0.0672 0.3997 0.2699 0.2624 0.5477 0.2489 0.3465 0.3149 0.4775 0.2729 0.314 0.2786 0.1262 0.3543 0.435 0.2874 0.4944
m0.064 0.2685 0.4089 0.3772 0.2499 0.0765 0.6234 0.2722 0.3971 0.2752 0.2678 0.2923 0.2515 0.4615 0.1159 0.284 0.2357 0.3133 0.3546 0.1938 0.2742 0.266 0.2926 0.2638 0.0843 0.3919 0.2347 0.2614 0.2639 0.2824 0.2745 0.3113 0.2875 0.058 0.2718 0.1213 0.365 0.2739 0.2897 0.0614 0.2667 0.1004 0.3226 0.2568 0.3172 0.2665 0.2913 0.2424 0.3279 0.2987 0.0637
m0.066 0.1203 0.2771 0.3239 0.3097 0.5741 0.1229 0.0791 0.261 0.3242 0.2535 0.2731 0.2725 0.2461 0.2864 0.2576 0.2274 0.2722 0.2919 0.3843 0.2832 0.2887 0.3038 0.7348 0.2435 0.3374 0.3414 0.3582 0.2726 0.2646 0.2694 0.1905 0.5362 0.0773 0.365 0.5691 0.3165 0.0 0.5071 0.3409 0.0 0.0598 0.509 0.2995 0.3145 0.1948 0.2625 0.2571 0.2775 0.2858 0.2853
m0.068 0.3074 0.372 0.2755 0.2891 0.2548 0.2816 0.2932 0.289 0.275 0.3558 0.3663 0.3498 0.6007 0.067 0.2747 0.3206 0.2057 0.2984 0.266 0.4276 0.289 0.1553 0.1772 0.3038 0.3385 0.324 0.5036 0.3518 0.2748 0.2714 0.1206 0.1106 0.1649 0.3611 0.3764 0.2835 0.2938 0.0752 0.3732 0.4287 0.2812 0.3903 0.2739 0.3727 0.1611 0.2853 0.2875 0.2654 0.0819 0.2775
m0.07 0.2945 0.2652 0.2618 0.4354 0.2797 0.3199 0.2563 0.2875 0.2783 0.067 0.327 0.2721 0.0791 0.2749 0.309 0.3327 0.2128 0.2824 0.2471 0.2772 0.1253 0.2867 0.3225 0.2093 0.2281 0.3386 0.3004 0.2623 0.5303 0.1746 0.0617 0.2353 0.0959 0.2529 0.2786 0.6008 0.5671 0.3203 0.2844 0.2895 0.2865 0.2597 0.2599 0.7715 0.2904 0.1136 0.1277 0.2818 0.1816 0.1503
m0.07200000000000001 0.3316 0.2429 0.1457 0.2258 0.3298 0.4269 0.4898 0.3408 0.3009 0.4135 0.4895 0.2776 0.2617 0.3156 0.2894 1.2275 0.2635 0.2776 0.3241 0.2811 0.378 0.2821 0.3141 0.2725 0.2691 0.3015 0.2797 0.2837 0.1617 0.3522 0.3262 0.1707 0.2762 0.2576 0.3837 0.4238 0.2871 0.0811 0.0825 0.2808 0.1042 0.2565 0.4847 0.281 0.3941 0.2944 0.2911 0.3822 0.27 0.1517
m0.074 0.4327 0.276 0.3256 0.4541 0.3445 0.0719 0.2515 0.149 0.5229 0.2895 0.1647 0.2793 0.5053 0.1133 0.2958 0.2844 0.1302 0.2844 0.3306 0.1802 0.2631 0.2843 0.4637 0.2647 0.0669 0.2768 0.0604 0.2928 0.2641 0.2694 0.2632 0.2092 0.3108 0.2037 0.3489 0.2649 0.3344 0.2511 0.3828 0.0683 0.2646 0.2701 0.3073 0.3056 0.1103 0.259 0.3799 0.2797 0.4668 0.4349
m0.076 0.2818 0.1954 0.2712 0.0811 0.0883 0.265 0.2766 0.0888 0.2954 0.2326 0.0723 0.6342 0.0912 0.3375 0.2534 0.2751 0.3607 0.3642 0.3103 0.2766 0.0607 0.3895 0.3056 0.2759 0.287 0.3088 0.2997 0.2631 0.2037 0.282 0.2309 0.3771 0.2791 0.2849 0.2615 0.2639 0.2802 0.2537 0.2521 0.0746 0.2574 0.2693 0.343 0.2469 0.1168 0.8264 0.1103 0.4278 0.4812 0.5273
m0.078 0.3059 0.2613 0.3743 0.2787 0.2685 0.1041 0.2875 0.2698 0.279 0.1111 0.3782 0.2086 0.2928 0.2569 0.1086 0.2767 0.6721 0.3171 0.2816 0.2998 0.2324 0.126 0.2882 0.1164 0.2687 0.2897 0.299 0.2695 0.2092 0.3675 0.3043 0.3478 0.2472 0.2487 0.2728 0.4173 0.2678 0.2303 0.138 0.4693 0.3296 0.2894 0.1444 0.0576 0.3461 0.2528 0.0431 0.0597 0.0909 0.2445
m0.08 0.0538 0.0678 0.0768 0.2884 0.3226 0.316 0.0923 0.2218 0.3003 0.2517 0.6781 0.2415 0.2639 0.2352 0.2658 0.3377 0.3307 0.093 0.2577 0.1781 0.2771 0.3017 0.242 0.402 0.4169 0.1176 0.2718 0.3211 0.3155 0.2342 0.3646 0.3532 0.2585 0.0718 0.2564 0.2854 0.3842 0.2554 0.2725 0.0596 1.1088 0.2205 0.0979 0.243 0.1333 0.3205 0.282 0.3086 0.0866 0.3064
m0.082 0.2787 0.3821 0.0954 0.7427 0.253 0.272 0.2931 0.1454 0.2905 0.2813 0.1142 0.2624 0.2656 0.3891 0.2942 0.2583 0.4694 0.2913 0.2639 0.2817 0.3038 0.7815 0.2891 0.2858 0.2592 0.2791 0.316 0.276 0.3232 0.0636 0.2774 0.2882 0.2684 0.0483 0.4555 0.0679 0.3286 0.3218 0.156 0.2557 0.1303 0.3038 0.3437 0.4147 0.2929 0.1382 0.2626 0.2957 0.284 0.2252
m0.084 0.2322 0.283 0.2736 0.2627 0.4368 0.2757 0.327 0.2933 0.1878 0.2847 0.2696 0.078 0.2731 0.2038 0.0815 0.2655 0.268 0.3109 1.4281 0.2396 0.3342 0.3041 1.141 0.2639 0.1867 0.6719 0.304 0.2736 0.0489 0.2883 0.0796 0.2928 0.1368 0.3365 0.3454 0.0533 0.2741 0.3184 0.2617 0.4461 0.5971 0.0751 0.0668 0.0486 0.1604 0.5103 0.2202 0.0944 0.4754 0.2446
m0.08600000000000001 0.5827 0.2152 0.2663 0.2919 0.4055 0.275 0.0693 0.279 0.3224 0.2524 0.2851 0.3401 0.0666 0.2866 0.286 0.0744 0.299 0.303 0.0859 0.2856 0.2957 0.2841 0.269 0.3985 0.3392 0.3333 0.3128 0.0462 0.2464 0.0755 0.2892 0.2913 0.1655 0.1021 0.3112 0.2888 0.2918 0.283 0.3127 0.267 0.2462 0.3353 0.2591 0.322 0.361 0.2982 0.2976 0.2914 0.2359 0.2737
m0.088 0.0642 0.0859 0.2892 0.3175 0.3144 0.3042 0.3198 0.2519 0.0793 0.2861 0.3108 0.2713 0.0527 0.1116 0.1758 0.0719 0.0787 0.3463 0.3632 0.3533 1.6076 0.2987 0.2181 0.3696 0.4569 0.2923 0.3058 0.2665 0.2968 0.0996 0.293 0.1141 0.3027 0.0557 0.1448 0.192 0.3123 0.4166 0.2697 0.2696 0.152 0.1914 0.0875 0.1129 0.6917 0.2741 0.2884 0.3014 0.3496 0.2615
m0.09 0.428 0.3089 0.2973 0.0625 0.2822 0.2984 0.2706 0.2629 0.2811 0.3253 0.4054 0.2336 0.3545 0.2893 0.2779 0.2256 0.2879 0.0827 0.309 0.2819 0.3064 0.2698 0.3288 0.0874 0.2827 0.2872 0.2981 0.2649 0.2616 0.242 0.2836 0.29 0.3094 0.4959 0.0748 0.1335 0.2971 0.2575 0.0615 0.0593 0.2905 0.2425 0.2259 0.112 0.0777 0.2058 0.2862 0.2587 0.2966 0.2457
m0.092 0.308 0.256 0.4098 0.3102 0.3269 0.3737 0.0695 0.2366 0.349 0.0876 0.2812 0.3765 0.1915 0.2589 0.3035 0.293 0.2556 0.2673 0.2628 0.0879 0.2753 0.0813 0.0554 0.7259 0.2734 1.3555 0.3656 0.2927 0.1577 0.2955 0.2658 0.2912 0.266 0.2876 0.3277 0.3186 0.2735 0.0908 0.0904 0.0896 0.0939 0.3094 0.2931 0.0904 0.2549 0.2892 0.4236 0.559 0.1898 0.0943
m0.094 0.2704 0.3094 0.316 0.0623 0.3234 0.4 0.2898 0.2602 0.3121 0.1303 0.1686 0.3519 0.283 0.4035 0.2923 0.3141 0.1028 0.2514 0.1127 0.3166 0.2426 0.276 0.3104 0.3958 0.3071 0.1073 0.2809 0.227 0.2965 0.7128 0.3129 0.2564 0.109 0.2977 0.3355 0.2912 0.2748 0.0888 0.2689 0.2654 0.2909 1.0042 0.2822 0.303 0.3101 0.2721 0.2594 0.2918 0.4446 0.2715
m0.096 0.1415 0.2089 0.0635 0.4167 0.3324 0.2654 0.2612 0.2966 0.0736 0.5001 0.4213 0.2717 0.2961 0.273 0.2884 0.259 0.2575 0.292 0.1124 0.285 0.0823 0.2939 0.5327 0.2955 0.2655 0.1723 0.1558 0.2708 0.2883 0.2911 0.1516 0.2752 0.1356 0.2301 0.2919 0.0986 0.181 0.2657 0.2916 0.3195 0.3744 0.1993 0.2523 0.3787 0.5172 0.3594 0.3484 0.1741 0.0676 0.285
m0.098 0.2784 0.2556 0.2649 0.2921 0.099 0.1162 0.2543 0.159 0.2449 0.1239 0.2723 0.4139 0.2536 0.3208 0.8537 0.2777 0.2837 0.2414 0.2927 0.3244 0.3958 0.2726 0.0821 0.3034 0.3226 0.3201 0.2183 0.2917 0.0944 0.1574 0.0661 0.9004 0.0484 0.2737 0.7508 0.395 0.0501 0.2261 0.0866 0.256 0.2518 0.0593 0.2565 0.1604 0.2767 0.3337 0.3684 0.3404 0.0588 0.4256
m0.1 0.2012 0.3756 0.2894 0.4375 0.0628 0.2748 0.2892 0.168 0.344 0.3215 0.3344 0.2239 0.0518 0.2167 0.3713 0.0926 0.5893 0.1123 0.3059 0.2755 0.0828 0.254 0.2555 0.1892 0.2447 0.2969 0.1426 0.283 0.2495 0.1977 0.2544 0.2954 0.3587 0.3423 0.3308 0.2824 0.3255 0.3774 0.1065 0.3083 0.3122 0.283 0.3584 0.5404 0.3154 0.297 0.0574 0.2917 0.2666 0.1188
