m0.0 45.3605 45.3605 45.3605 45.3605 45.3605 45.3605 45.3605 45.3605 45.3605 45.3605 45.3605 45.3605 45.3605 45.3605 45.3605 45.3605 45.3605 45.3605 45.3605 45.3605 45.3605 45.3605 45.3605 45.3605 45.3605 45.3605 45.3605 45.3605 45.3605 45.3605
m0.0004 49.8183 48.0134 14.2866 31.265 63.565 45.3373 30.7603 52.9765 60.0803 45.5011 60.451 45.4276 49.0795 45.9666 29.8511 21.1504 60.9716 47.919 56.089 14.185 22.4064 43.0916 57.2247 43.2037 46.1437 53.6811 48.5835 58.4519 64.8935 66.2297
m0.0008 45.3602 49.4166 60.7006 45.3924 64.0038 46.7406 56.9886 37.0029 49.022 48.9621 45.267 48.8818 57.6694 45.2462 47.5658 23.0679 20.7699 23.8649 45.4841 60.409 97.0044 45.311 45.4525 56.5321 43.5139 47.9126 45.4981 45.2345 48.9411 45.3177
m0.0012000000000000001 45.2263 57.2648 45.2922 56.4983 48.9702 48.9454 45.1917 20.9278 47.9891 13.7956 61.5605 46.2226 57.8508 45.2719 35.5074 55.423 62.396 45.3963 45.3086 59.6835 45.1644 56.2842 48.8604 60.4523 32.0934 20.4202 59.6806 50.4656 25.0333 25.4255
m0.0016 48.427 46.1522 113.1649 43.6844 56.3823 49.0114 49.1834 48.5465 49.1583 47.5343 47.6024 45.2442 62.0822 21.819 49.0342 49.2884 56.1712 49.0216 49.3675 48.3912 47.9049 28.1553 45.3683 47.5386 60.6433 62.468 56.6212 49.161 47.4149 49.1869
m0.002 46.0149 49.1106 48.9413 58.6398 45.1999 95.2113 47.6663 45.3732 44.4497 82.2794 55.2456 48.9942 20.5519 35.1118 45.2028 56.0715 22.5133 48.4851 48.9703 17.8899 49.0852 47.5904 45.4073 56.3424 49.0046 47.8524 48.9897 48.908 18.2866 36.5665
m0.0024000000000000002 22.2133 48.9304 27.869 43.6446 99.6422 26.8037 49.0198 45.3883 45.4321 46.3645 49.0769 49.1636 48.8095 28.3961 48.0743 62.4898 87.2268 56.3745 49.1565 33.2186 48.8517 45.4471 26.9535 26.9685 47.8697 56.5076 49.1293 56.4331 60.6874 49.161
m0.0028 49.1838 48.8547 56.7723 41.5045 49.1772 45.4451 49.0951 38.655 45.1898 25.7471 100.3494 49.0813 20.7725 44.9314 49.113 84.052 49.1786 189.926 25.3977 49.0582 62.4199 29.0747 45.2852 49.0146 32.841 44.8594 49.1132 59.8833 48.0965 55.1828
m0.0032 107.2075 27.721 44.7358 48.588 49.0857 50.9418 60.5568 49.0123 46.5652 31.0676 31.8322 60.433 37.6085 49.0396 26.9577 44.9567 49.5383 56.5367 17.6354 45.227 19.9717 47.4913 60.5537 31.3688 61.1901 49.1253 49.2024 258.9968 62.845 49.4898
m0.0036000000000000003 49.1139 57.2569 45.2596 49.0021 48.639 49.1409 51.5097 15.9343 45.5033 45.5485 49.1033 32.7433 45.4073 49.1452 99.4856 48.8751 56.9885 62.473 48.9581 49.0949 44.8194 49.1515 70.2071 55.202 62.3758 28.1619 13.6501 48.1162 49.4223 49.5359
m0.004 45.5014 49.536 49.0879 49.2269 56.4941 49.0871 50.0378 58.9053 44.9954 22.1051 56.6759 44.9723 34.5451 62.4872 49.1354 49.0251 48.8083 49.0271 46.2972 49.7697 44.9575 49.0149 45.3814 44.8881 29.9993 65.2019 160.2918 49.2395 48.5153 30.719
m0.0044 48.9818 46.1665 76.3388 45.3193 110.3923 44.5503 46.8347 49.1721 62.489 105.0635 17.8491 45.4438 44.5002 49.1409 62.4926 48.3003 61.7324 45.252 48.1677 62.4833 62.4125 46.7096 49.1576 49.1061 62.4247 49.5474 21.4935 57.2805 33.926 50.0953
m0.0048000000000000004 45.5072 49.1391 17.5563 47.8491 52.0708 49.156 19.3561 72.9387 49.0975 49.0527 23.576 49.6479 49.5973 34.2888 98.9641 57.7492 49.1188 45.2327 58.2105 82.2794 45.3217 45.3496 56.6069 47.783 44.0467 49.0336 48.9967 48.0632 49.1549 49.0913
m0.005200000000000001 49.013 57.6886 49.0796 45.1589 43.4015 59.1657 49.0613 57.4803 22.5588 61.1211 61.818 56.9145 49.1196 48.0833 49.5002 48.0581 95.195 45.082 44.3688 49.157 46.1115 48.9939 49.0957 49.131 24.2207 49.5705 44.9548 49.1017 47.1462 60.4356
m0.0056 88.2441 49.0352 61.6316 59.601 46.5518 60.419 28.3802 48.9739 49.6249 46.11 45.073 17.4571 56.5639 48.9568 45.2126 38.4187 57.0747 28.3235 45.2041 29.0637 56.5753 49.0155 62.4142 20.716 48.9947 49.0044 49.6113 35.6469 49.2973 49.0533
m0.006 45.4812 78.8238 23.9028 54.4747 60.4348 60.3666 49.5379 49.5367 39.1025 45.4339 49.1271 62.4056 56.2917 29.6892 46.2257 58.9546 49.0842 44.7714 49.64 60.8471 49.5943 49.1108 58.4171 14.031 29.1437 26.1321 19.7097 49.5362 59.5466 49.0575
m0.0064 49.604 49.5875 80.1422 49.5767 29.0247 35.9982 45.4494 46.588 49.0758 57.8286 57.2732 49.0267 47.7873 45.313 62.4915 58.2259 49.542 48.8416 48.4061 49.0763 62.4542 44.1084 41.4891 85.3777 31.2169 49.6279 45.912 49.0341 49.1591 48.5866
m0.0068000000000000005 48.0886 48.394 44.5361 49.0681 48.8483 49.0963 20.6932 49.5615 25.7694 45.9697 45.2768 48.1191 60.3522 89.2068 48.9912 48.9803 49.409 20.8606 48.9655 22.7361 44.5701 49.1338 62.5078 20.08 41.7816 45.4691 44.9327 45.326 107.3981 47.8963
m0.007200000000000001 95.8229 49.1164 49.1099 48.9421 24.5474 93.9831 48.3207 49.1801 48.9766 48.0096 60.9142 66.014 40.8402 59.1116 60.4614 48.9978 60.3667 58.9599 49.0946 49.1501 62.4991 82.2794 56.3727 44.9543 49.0229 49.583 21.4954 49.1595 18.3756 48.8766
m0.0076 48.1146 44.2648 49.1065 82.2794 25.6686 30.1173 49.0907 82.2794 25.5026 60.3522 49.0647 49.0596 22.3065 49.0483 48.6535 45.4875 45.1967 49.1103 49.1118 103.8671 19.4682 49.1226 49.1204 84.9582 13.5213 62.4436 35.1249 32.0704 28.8039 43.512
m0.008 48.9819 57.4904 49.0905 49.0159 81.7687 53.6522 49.408 49.0255 49.0396 45.2267 21.4698 49.0671 48.7491 49.2411 49.6351 57.6904 38.6789 60.1987 49.1014 25.9822 63.4541 49.1103 49.1861 49.8908 140.3996 43.5868 110.1929 49.5466 45.2677 49.5126
m0.008400000000000001 44.1336 60.7559 48.1232 49.0785 44.8337 47.2696 56.0232 60.4795 47.0968 18.0171 46.074 45.1596 49.1342 49.1345 41.598 98.4903 49.1147 48.9999 35.3662 48.1401 82.5662 48.2828 36.0233 62.4442 40.6864 45.2132 48.9941 49.1558 48.982 49.5981
m0.0088 45.2291 62.4258 29.297 47.7789 48.2712 49.1724 45.4041 49.0344 19.8123 20.2605 56.9763 21.6473 46.6737 51.2736 28.082 83.6474 48.2242 86.6486 49.0193 45.368 60.0593 99.0521 49.1887 49.9222 43.2924 49.0971 49.067 74.1344 49.0002 70.6426
m0.0092 45.0159 49.2053 49.6186 45.2332 55.9086 48.6087 49.8013 45.5057 48.5962 48.9488 184.2334 62.4192 44.9751 45.4296 72.0463 60.5566 99.7362 49.9612 44.7509 27.0991 49.5706 48.0817 60.2496 49.5741 49.1336 60.494 45.3933 52.5828 57.6666 24.3105
m0.009600000000000001 47.6568 94.2987 22.5825 49.0277 29.8706 12.2724 56.303 22.1536 50.1872 47.7387 19.4672 89.8941 49.1044 73.0883 21.4958 57.168 32.3841 58.8333 46.6955 49.0769 49.6467 45.7636 49.1233 62.1046 106.5888 22.8995 49.1176 59.8648 49.5343 77.2408
m0.01 48.8726 50.9101 71.9472 31.039 15.9943 49.0985 66.3933 56.3184 58.4381 49.112 33.4479 48.2587 60.0545 63.3851 49.6043 82.3779 48.6957 49.5897 49.1744 49.1058 49.0586 62.4831 47.699 52.7829 49.0245 28.6594 49.0534 45.3406 37.0168 56.349
