b0.0 56.9093 56.9093 56.9093 56.9093 56.9093 56.9093 56.9093 56.9093 56.9093 56.9093 56.9093 56.9093 56.9093 56.9093 56.9093 56.9093 56.9093 56.9093 56.9093 56.9093 56.9093 56.9093 56.9093 56.9093 56.9093 56.9093 56.9093 56.9093 56.9093 56.9093
b0.02 86.8133 69.349 86.4991 54.5812 61.3866 49.4006 144.6528 116.7907 72.3579 59.03 75.8054 207.4185 41.0773 64.3174 88.7456 83.0853 66.2913 78.6845 50.1867 35.1429 51.1433 80.4851 77.8749 108.0338 44.2163 83.0684 76.6654 73.6611 39.2073 69.5371
b0.04 58.8451 90.7599 67.7277 44.4489 85.2885 64.4831 53.123 80.726 81.6297 81.1834 67.6434 65.5868 73.0779 88.9801 43.1351 81.2223 88.3699 45.8806 47.7197 75.7866 53.0767 94.4783 60.9045 91.1894 13.5855 71.5489 73.6398 87.9772 87.9724 43.7787
b0.06 52.9938 84.2275 100.5187 50.8308 69.3514 95.9413 50.5084 88.3537 78.4044 96.5996 71.4299 139.6793 84.9309 65.062 90.742 88.6537 40.5211 83.9272 54.4992 72.384 105.0322 99.6176 80.3784 109.0279 86.4936 73.4474 51.2206 44.1207 79.8503 43.2939
b0.08 50.5354 87.0041 69.773 63.8384 43.4971 62.1693 27.1573 91.8473 54.9785 64.5721 57.0696 91.2554 72.9193 81.0561 67.9066 52.4517 82.9219 74.1517 81.747 52.826 79.0943 65.7664 84.4732 78.5516 31.4027 85.0843 68.6802 73.8392 51.0559 52.8944
b0.1 83.2829 79.0431 84.501 91.7848 90.6885 78.9146 49.799 86.8047 52.1652 85.0456 49.2144 48.5173 66.6152 89.725 58.6696 76.6426 84.5367 68.883 81.7402 44.9575 76.3762 90.9171 93.0357 55.3478 122.319 64.2474 64.9625 76.3173 85.9903 73.4357
b0.12 85.8876 139.2843 57.3324 94.4684 81.029 64.7064 68.2681 82.3054 70.7176 54.516 22.4876 63.0103 99.2079 86.6357 68.1812 69.895 67.3757 84.0499 71.9511 72.4531 81.2441 103.5684 86.1734 87.8818 50.9614 67.3389 77.1187 95.2157 68.4263 78.4683
b0.14 79.3548 92.5516 58.5279 47.5745 56.5752 56.8097 74.2138 66.6166 81.7608 103.4534 43.4336 49.3972 70.1425 72.9444 63.1616 83.4126 86.3573 82.268 68.7189 45.6401 97.1261 120.1425 71.3828 84.3666 47.8564 77.7288 76.4261 882.8225 63.0638 77.0933
b0.16 79.9369 93.4222 66.2052 71.7448 62.9241 71.2882 51.0566 55.5301 72.9846 53.5537 85.7225 72.5824 96.5347 83.2756 64.8516 76.8686 90.245 78.8751 51.7866 76.3366 113.3274 74.2008 88.7006 61.7855 67.6042 61.5126 61.8215 50.4807 42.9683 78.5014
b0.18 80.7097 54.3078 95.8306 67.9988 74.9418 41.1632 81.9518 54.3414 92.2214 104.7092 70.2616 53.1248 86.4935 59.9616 89.6859 68.6011 71.0114 49.0868 90.0324 86.5869 69.2914 117.714 86.7327 81.5348 72.4215 77.5639 44.2147 309.8145 48.6998 99.0561
b0.2 60.902 82.885 47.6818 89.1101 57.4267 59.891 92.0418 102.8044 62.0818 68.3779 88.9671 52.9085 41.0021 78.1138 65.9643 53.7034 52.2716 78.9387 70.4688 83.8168 80.8623 51.9501 58.1771 43.9647 82.6775 104.6732 98.0805 75.5193 95.5327 88.8717
b0.22 46.8408 43.0545 58.1651 96.4546 67.0637 188.7568 32.2112 75.2074 115.3439 128.8159 82.2794 51.1522 98.2583 89.9748 79.3541 78.4636 139.4273 75.5063 97.0037 48.491 84.3653 66.1576 103.2525 71.0785 67.468 69.1743 62.4001 82.67 52.8556 77.8312
b0.24 83.1328 47.3436 84.7158 79.7556 53.091 76.0883 71.5953 61.3416 59.991 88.557 75.4217 58.1891 96.6732 85.0551 31.52 70.1951 69.5145 76.6046 69.8709 92.8942 90.3185 78.1725 53.7238 67.8356 83.3652 84.4868 88.2749 100.9908 821.6129 44.415
b0.26 52.8796 43.9902 72.1318 776.2876 91.8159 50.5459 41.2527 44.2201 55.6973 55.5785 114.1487 173.462 60.962 41.9346 98.078 71.1018 93.3123 184.7304 58.4605 59.1526 59.6027 50.2883 54.7049 60.3637 63.2757 59.6155 92.3849 51.7775 85.1218 68.9831
b0.28 101.8082 92.4186 50.2571 32.1793 68.6909 69.4354 72.4464 97.2838 82.0958 84.1979 106.3049 43.1711 89.4481 79.5846 77.1534 84.5344 52.1364 63.7452 69.3828 81.3118 104.8106 103.3995 43.8047 95.827 90.0044 92.1541 108.9733 89.3204 327.7931 104.3919
b0.3 85.1849 32.9903 90.5923 51.3212 83.1721 94.7305 92.8075 77.0915 150.9712 66.3528 97.9275 77.0871 64.596 29.8415 94.9678 42.1137 72.0057 66.6572 73.4098 74.5141 188.8099 96.851 80.6348 71.6264 259.7149 100.5556 69.1292 55.4736 113.887 55.1786
b0.32 102.9806 83.2741 81.9074 60.8817 95.9055 82.1268 44.2526 82.5964 79.2703 44.2193 63.6972 24.037 82.9223 75.7281 44.3593 70.6911 80.5706 61.8377 62.6654 100.3796 43.5226 79.6345 80.8401 76.2769 75.9037 113.9912 47.9056 58.4856 71.3252 104.6085
b0.34 36.4698 76.592 66.0413 77.611 90.8632 94.778 74.0287 47.1013 75.478 100.2977 50.2774 82.2491 44.4787 62.7901 79.0995 44.2192 64.5587 68.8851 74.3574 71.1816 73.0906 79.5828 43.7092 44.7351 62.5421 90.5849 71.1366 89.7192 71.1823 86.8697
b0.36 95.8423 82.5679 50.8684 110.4643 86.715 71.3272 63.0039 54.5573 39.0712 85.8061 55.979 45.079 46.1308 81.8877 57.2388 80.4268 84.6576 79.9954 70.073 72.2335 86.5327 67.4309 67.386 89.0737 108.3238 65.8991 91.7097 55.3678 97.9443 97.3405
b0.38 41.3017 157.49 61.3751 52.259 98.6518 73.2818 97.3512 45.7662 68.2622 47.0117 71.3486 84.3123 144.8472 53.0292 48.3961 78.5142 90.6209 71.2657 66.267 84.4156 74.7496 52.0246 73.3152 87.4695 44.7614 86.066 52.81 71.0215 89.6622 78.088
b0.4 84.4876 139.8105 85.8469 93.7844 72.5831 100.2575 64.766 89.831 84.1581 97.237 76.566 94.4298 52.0705 68.7193 64.8821 74.5531 66.4632 44.2181 67.6172 56.3258 83.9353 76.8937 61.3771 35.2986 82.9022 72.1079 103.8381 57.1308 90.7741 90.061
b0.42 91.267 98.4729 49.298 88.3248 105.1227 68.3404 92.0668 68.4973 69.4293 80.4406 115.7579 44.2215 56.7391 66.0652 78.216 43.8697 72.2109 110.8336 86.3172 51.9469 63.3062 76.2728 70.2836 76.0395 148.6813 79.7711 71.7593 72.6678 49.5872 75.1377
b0.44 89.5566 59.2521 73.9564 55.8007 251.8972 70.1771 89.4872 33.0715 70.9432 90.1752 201.673 78.3421 161.168 81.074 49.4635 53.0213 74.2737 52.9463 79.3358 80.4167 62.8869 50.2188 69.8252 59.1474 59.5034 35.1811 83.7641 74.9827 81.7349 179.774
b0.46 61.3136 94.8643 98.9057 95.081 44.9927 66.8436 104.9421 98.9994 71.5777 87.475 64.2415 91.1939 63.4322 51.5908 78.6641 97.3015 57.3673 76.3196 106.785 91.7309 114.363 80.1399 64.8566 113.3025 107.3311 60.9962 94.9584 90.5616 65.3309 80.0506
b0.48 78.7385 84.6638 98.9962 60.1228 99.2946 95.5311 63.1378 43.4545 88.092 105.8613 53.4682 61.6349 104.8111 74.1359 81.2977 75.9143 65.3764 73.7426 64.5068 43.6675 64.8536 80.4976 61.2596 29.7131 35.6578 69.5117 79.7922 44.2196 79.8902 92.3621
b0.5 56.8997 54.7338 93.7739 61.3136 71.5889 72.4429 94.421 88.9056 54.7556 68.0771 94.7584 71.5825 59.2787 70.4764 69.8763 53.7272 71.5747 80.8848 70.2781 22.7185 75.7024 75.4187 65.4361 45.8313 81.6729 75.6186 133.6795 58.777 13.2038 110.8788
