
ground truth:
[2.0, 0.0, 0.95, 0.0, 0.0, 0.9]
our method's errors: 
[0.03841277529205388;;]
baseline errors: 
[0.26002039447097014;;]
recovered parameters:
Any[[1.923649817251673, 0.050567722730893015, 0.9631871568353418, 0.578729478065129, 0.31659076706265726, 0.9278921166722107]]
baseline recovered parameters:
Any[[1.9063169889320373, 0.05716056653637317, 1.0, 0.6180475537067631, 0.515740202219969, 1.0]]
parameter errors:
[0.44354396755874975;;]
baseline parameter errors:
[0.6600145717583279;;]
observed trajectories:
Any[[0.04362356861214786, 1.9642062928314563, 0.4837847931734969, -0.60987934075699, 2.487310750710834, 1.982851853314531, -0.38720076160154016, -0.2968490523800778, 0.07662498252538244, 1.8833099609660526, 0.7199493445840868, -0.7965200321461461, 2.4316842854047445, 1.9303177439748964, -0.6725184708259138, -0.5274978343094645, 0.1664083548085492, 1.8074540462555142, 0.7995521164693319, -0.8166432237992723, 2.343626895280742, 1.8709987151075833, -0.8076185386796172, -0.7054789173481346, 0.22991144846114456, 1.7330946844936472, 0.8222600842320378, -0.7937594366981019, 2.263535581435919, 1.8139606365992553, -0.8168763011215342, -0.7851581867162316, 0.323097844702263, 1.6447601982101532, 0.8191819280862193, -0.810275366632988, 2.2091274187140857, 1.7353611452889801, -0.7942793519431153, -0.8049595522049529, 0.4128417424870601, 1.5589082885673817, 0.8242648531601396, -0.7929278241843366, 2.1257306251514154, 1.6320670592825068, -0.7839521176869383, -0.8026126581745662, 0.4642923341722579, 1.5070379626914558, 0.788291074485772, -0.8006597602589566, 2.0182545226523705, 1.582168576183232, -0.7949455515392277, -0.7704305432074527, 0.573596942420551, 1.4168151643225593, 0.7964318537686023, -0.7863282079775455, 1.9530335667185923, 1.4891137325755572, -0.8076939921137521, -0.6990521800692773, 0.6482963179032977, 1.330348051957846, 0.8108630499239008, -0.8065998735801163, 1.8770238110423134, 1.43683631079437, -0.7910536073078424, -0.5896824052941387, 0.7253699242243739, 1.2668404230051094, 0.813316786410039, -0.7978257131505272, 1.7687405553354216, 1.36731849785359, -0.782943145005401, -0.4620014739848892, 0.8049547847501887, 1.1652937793160205, 0.7992555799969959, -0.7744788512154976, 1.711696341920808, 1.3290011433216877, -0.8060459448451883, -0.35262548391212045, 0.8832454754174733, 1.1001778925116883, 0.8102982106070576, -0.8251071368607786, 1.6224126813381798, 1.315503168885531, -0.8050312181940891, -0.21074599903930838, 0.9844694762852617, 0.9935849857554142, 0.7980443002108133, -0.802175093023696, 1.5442562307802143, 1.2928660670678247, -0.8159153390999758, -0.12932062162270386, 1.0501275671146661, 0.9440396274063302, 0.8175274379498038, -0.7875852285824435, 1.481500760714732, 1.2836197333871202, -0.8141440248491965, -0.09990098312901427, 1.1144536200948583, 0.8375744699313268, 0.8153264568893723, -0.7926715932280951, 1.3689135632050358, 1.2759840179877409, -0.7986356157245136, -0.11627879520068586, 1.198151238565302, 0.7740606651369709, 0.8048677900405727, -0.77742474986514, 1.2936853211309989, 1.2591066547577885, -0.8144952486334913, -0.2344431833067246, 1.2928943095265315, 0.7057257130895106, 0.8072359871189981, -0.7881444671077136, 1.22969658926084, 1.2306880625440788, -0.8012359357321114, -0.42164531021870705, 1.3602074316030768, 0.6106355889714109, 0.7851790033264379, -0.8158576631968735, 1.1470390902504988, 1.1831855035053584, -0.7965589900668132, -0.5693513756932297, 1.4448196864629552, 0.5313861046186562, 0.8035352354329865, -0.8044147917320918, 1.084015473896684, 1.1174597574017249, -0.8188908508447582, -0.6786564824894666, 1.5239871978969557, 0.43590412168450793, 0.7909126805085018, -0.7970378021547597, 0.9826640861912106, 1.043110656962946, -0.8075727972438249, -0.7525160330554702, 1.615123103111401, 0.36304551305935107, 0.7976663670333058, -0.7842930313013148, 0.9205407707301375, 0.9732692852896042, -0.80552802822571, -0.7809599010495422, 1.688098580623131, 0.29437885338879854, 0.7934878063994747, -0.790179390380276, 0.8331836658519111, 0.8978616680677188, -0.8156055413700019, -0.7929051085176008, 1.7765327079599456, 0.2127645524469126, 0.8051736167361955, -0.7950185265519264, 0.7492914799633491, 0.8078799306526825, -0.7837881930698067, -0.7903138066083029, 1.8470710971776287, 0.13424204133153142, 0.7977168052130323, -0.8083110098245113, 0.6758779937054955, 0.7312135972973552, -0.7913682395482692, -0.8082403989257062, 1.9267401762109408, 0.04899178836073626, 0.7786684276704521, -0.8019023004053458, 0.5912056885799535, 0.6314239935977857, -0.7981175706378887, -0.8018635969316417]]
recovered trajectories
Any[[0.029240477776711068, 1.9597486814564395, 0.4848095183054572, -0.6050263691009707, 2.4818470355511075, 1.9853769256008909, -0.3630592520088865, -0.2924614928654421, 0.08926471690266145, 1.88949736291153, 0.7156752267807858, -0.8000000000132992, 2.4328846448985613, 1.9451373673148438, -0.616188523865932, -0.51232967775466, 0.16504848014344967, 1.8094973628209159, 0.800000000370205, -0.8000000000092354, 2.364017574715548, 1.8862697654451765, -0.7611528423715643, -0.6650223645270985, 0.2450484820484987, 1.729497362729624, 0.8000000001875991, -0.8000000000090488, 2.2859599306889713, 1.815184301608391, -0.8000000004554881, -0.7566869170407858, 0.32504848394769437, 1.6494973626370688, 0.800000000187732, -0.8000000000092152, 2.2059599287795866, 1.7376446105522647, -0.8000000001876296, -0.7941069087930697, 0.40504848585037817, 1.5694973625429025, 0.8000000001880966, -0.8000000000093899, 2.125959926878276, 1.658706357811217, -0.8000000001880254, -0.78465815053534, 0.48504848775672516, 1.4894973624468189, 0.8000000001884658, -0.8000000000095937, 2.0459599249717555, 1.5826577127772923, -0.800000000188512, -0.736314754347415, 0.5650484896668823, 1.4094973623485354, 0.8000000001888489, -0.8000000000098236, 1.9659599230601568, 1.5129567243660402, -0.8000000001891293, -0.6577050176675449, 0.6450484915809799, 1.3294973622477941, 0.8000000001892376, -0.8000000000100781, 1.8859599211436402, 1.4521606764716786, -0.8000000001895493, -0.5582159434773676, 0.7250484934991329, 1.2494973621443606, 0.8000000001896463, -0.800000000010355, 1.805959919222367, 1.4018426845713228, -0.8000000001900004, -0.4481438971358839, 0.8050484954214434, 1.1694973620380205, 0.8000000001901142, -0.8000000000106517, 1.725959917296495, 1.362491118310843, -0.8000000001904353, -0.33888742991448223, 0.8850484973479918, 1.0894973619285822, 0.8000000001904987, -0.8000000000109665, 1.645959915366186, 1.333387929497497, -0.8000000001908538, -0.2431763473280181, 0.9650484992788309, 1.009497361815855, 0.8000000001905591, -0.8000000000115962, 1.5659599134316133, 1.3124626776022472, -0.8000000001910409, -0.17532869061172401, 1.045048501215495, 0.9294973616990441, 0.8000000002201049, -0.8000000000250415, 1.4859599114914708, 1.296120028395365, -0.800000000220604, -0.1515242925801373, 1.1250485037480111, 0.8494973613147143, 0.8000000002966949, -0.800000000035198, 1.4059599089559722, 1.279105070099883, -0.8000000002967625, -0.18877487668230672, 1.2050485072097241, 0.7694973609448147, 0.8000000001870221, -0.8000000000312761, 1.3259599054916584, 1.2546575945867466, -0.8000000001870501, -0.300174635707591, 1.2850485075263922, 0.6894973606719638, 0.8000000000245887, -0.8000000000107264, 1.2459599051725192, 1.2175358355818968, -0.800000000024837, -0.4422605439191535, 1.3650485077075234, 0.6094973607898264, 0.8000000000083265, -0.7999999999925432, 1.1659599049890184, 1.167464882783813, -0.8000000000085784, -0.5591585035232386, 1.445048507694389, 0.529497360801965, 0.7999999999985724, -0.7999999999987467, 1.0859599049999245, 1.107112586149129, -0.7999999999988203, -0.6478874228883919, 1.5250485076829645, 0.44949736081188657, 0.7999999999989863, -0.7999999999991079, 1.0059599050093222, 1.039129865823152, -0.7999999999991831, -0.7117669778306583, 1.6050485076736525, 0.3694973608199748, 0.7999999999991861, -0.799999999999297, 0.925959905016859, 0.9657973473315237, -0.7999999999993556, -0.7548833869377968, 1.6850485076663582, 0.2894973608263118, 0.7999999999993787, -0.799999999999458, 0.8459599050226697, 0.8889872735521563, -0.7999999999995228, -0.7813180845036589, 1.7650485076610007, 0.2094973608309679, 0.7999999999995637, -0.7999999999996181, 0.7659599050268736, 0.8101677438990437, -0.7999999999996451, -0.7950725054386958, 1.8450485076574976, 0.129497360834013, 0.7999999999996703, -0.7999999999997137, 0.6859599050295778, 0.7304141185205846, -0.7999999999997962, -0.8000000000708697, 1.9250481579812693, 0.04949762844206556, 0.7999930065096823, -0.7999946478687399, 0.6059599050308815, 0.6504141184686851, -0.7999999999999504, -0.800000000002494]]
baseline recovered trajectories
Any[[0.03158504017288137, 1.956778628062869, 0.5317008091026627, -0.664427458473927, 2.4768580806926086, 1.9844044670953396, -0.46283839154630707, -0.31191067123579785, 0.09611470986168094, 1.8835572561331089, 0.7588925902068293, -0.7999999998022483, 2.41754576729896, 1.9424255971596907, -0.7234078816148526, -0.5276667405570474, 0.17405933911085547, 1.8035572571114942, 0.7999999999325023, -0.7999999999413625, 2.3413753734676663, 1.882955013326614, -0.7999999999268107, -0.6617449488176506, 0.25405933887731913, 1.7235572580727343, 0.8000000000014843, -0.7999999999013283, 2.261375373689462, 1.813462027078071, -0.8000000000034507, -0.7281147880945196, 0.33405933866915827, 1.643557259020704, 0.7999999999781623, -0.7999999999102401, 2.1813753738855293, 1.7400512416199396, -0.7999999999888516, -0.7401009317950399, 0.4140593384833924, 1.563557259953211, 0.799999999985202, -0.7999999999103803, 2.1013753740605314, 1.667530518777772, -0.7999999999789712, -0.7103135341342103, 0.49405933831981785, 1.4835572608700276, 0.7999999999862774, -0.7999999999115128, 2.0213753742138447, 1.5994831878367108, -0.7999999999886448, -0.6506330917633795, 0.5740593381770134, 1.4035572617705325, 0.7999999999878912, -0.7999999999128375, 1.941375374346535, 1.5383396704272256, -0.7999999999892913, -0.5722372612145472, 0.6540593380538015, 1.323557262654157, 0.7999999999894396, -0.7999999999144335, 1.8613753744602721, 1.4854449202333917, -0.7999999999888792, -0.48565774499477843, 0.7340593379489421, 1.243557263520261, 0.7999999999907158, -0.7999999999180624, 1.7813753745559895, 1.4411192302508056, -0.7999999999935713, -0.40085605448926576, 0.8140593378612591, 1.1635572643690328, 0.7999999999934304, -0.7999999999075451, 1.701375374635074, 1.4047110474435984, -0.7999999999937937, -0.32730759906653184, 0.8940593377893896, 1.083557265198695, 0.7999999999940791, -0.7999999999244374, 1.6213753746989263, 1.374641461305226, -0.7999999999948297, -0.27408411888843504, 0.9740593377319943, 1.0035572660090832, 0.7999999999950832, -0.799999999922401, 1.5413753747487928, 1.3484410067516561, -0.799999999995811, -0.2499249654427517, 1.0540593376882674, 0.9235572668007155, 0.8000000000055659, -0.7999999999154457, 1.46137537478551, 1.3227803510510268, -0.8000000000062403, -0.2632881402718489, 1.134059337843923, 0.8435572677412165, 0.8000000000171521, -0.7999999999172399, 1.3813753746233737, 1.2935232796332308, -0.8000000000177785, -0.3218532752614405, 1.2140593380663471, 0.763557268799087, 0.8000000000020686, -0.7999999998896931, 1.3013753743949625, 1.255874150203843, -0.8000000000033715, -0.4311292970223683, 1.2940593378940426, 0.6835572692914738, 0.7999999999915007, -0.799999999952666, 1.2213753745619338, 1.2068034253153659, -0.7999999999905606, -0.5502851948724458, 1.3740593377331112, 0.603557269647533, 0.7999999999740319, -0.7999999999820234, 1.1413753747181539, 1.1473803521968493, -0.7999999999723885, -0.6381762637562233, 1.454059337661637, 0.5235572698053045, 0.7999999999936912, -0.7999999999928082, 1.0613753747852135, 1.0804993055099186, -0.7999999999956593, -0.6994446699283712, 1.534059337600323, 0.4435572699408634, 0.7999999999967339, -0.7999999999911089, 0.9813753748426317, 1.0085332074007376, -0.7999999999973818, -0.7398772925805084, 1.6140593375483607, 0.3635572700543156, 0.7999999999947204, -0.7999999999886767, 0.901375374891409, 0.9333012467139177, -0.7999999999940678, -0.764761921934416, 1.6940593375060045, 0.28355727014514487, 0.7999999999939673, -0.7999999999891579, 0.82137537493742, 0.8561306325640209, -0.7999999998683129, -0.7786503622308046, 1.7740593374739395, 0.20355727021969616, 0.8000000000029257, -0.7999999998604027, 0.7413753749607881, 0.7779314952411631, -0.8000000001351127, -0.7853323855852796, 1.8540516185077365, 0.1235572702577245, 0.7998456211210299, -0.8000000001368295, 0.6613919999356602, 0.6992738313624087, -0.7996675007917715, -0.7878208932509349, 1.9340292520172757, 0.04356067086251399, 0.7997070493098258, -0.7999319882180074, 0.5814344037530546, 0.6204655616006469, -0.7994844230892048, -0.7883445028019873]]