[-18.0707, 71.9753, 1.3718, 1.2121]
[-17.0801, 72.1622, 1.1509, 1.1699]
[-17.4255, 66.5616, 3.3105, 3.6584]
[-12.9839, 78.8298, 2.3638, 4.599]
--------------------------------
[-17.9551, 72.2836, 1.3762, 1.2005]
[-16.9724, 72.4165, 1.1543, 1.1732]
[-18.1163, 66.169, 3.1325, 4.0173]
[-13.0481, 78.2661, 2.196, 4.5927]
--------------------------------
[-17.8356, 72.5915, 1.3785, 1.1915]
[-16.8651, 72.6719, 1.1563, 1.1757]
[-18.5977, 65.5916, 2.9477, 4.2294]
[-13.1111, 77.7428, 2.0681, 4.5924]
--------------------------------
[-17.7131, 72.8989, 1.3792, 1.1848]
[-16.7583, 72.928, 1.1574, 1.1776]
[-18.9263, 64.965, 2.7682, 4.2643]
[-13.1705, 77.25, 1.9743, 4.5925]
--------------------------------
[-17.5885, 73.2055, 1.3792, 1.18]
[-16.6518, 73.1846, 1.1579, 1.179]
[-19.2141, 64.3663, 2.6023, 4.1478]
[-13.2271, 76.7796, 1.9086, 4.5925]
--------------------------------
[-17.4624, 73.5116, 1.3787, 1.1768]
[-16.5457, 73.4415, 1.158, 1.1799]
[-19.5483, 63.8386, 2.4545, 3.8308]
[-13.2819, 76.3248, 1.8658, 4.5925]
--------------------------------
[-17.3354, 73.8171, 1.3781, 1.1749]
[-16.4398, 73.6984, 1.158, 1.1805]
[-20.003, 63.4641, 2.3339, 3.6843]
[-13.3354, 75.8803, 1.8406, 4.5925]
--------------------------------
[-17.2078, 74.1222, 1.3777, 1.1739]
[-16.3341, 73.9554, 1.1579, 1.1807]
[-20.4826, 63.1748, 2.2409, 3.9608]
[-13.3883, 75.4417, 1.8284, 4.5925]
--------------------------------
[-17.08, 74.4272, 1.3775, 1.1736]
[-16.2284, 74.2124, 1.1578, 1.1808]
[-20.8498, 62.7818, 2.1927, 4.4987]
[-13.4407, 75.006, 1.8244, 4.5925]
--------------------------------
[-16.9521, 74.7321, 1.3775, 1.1736]
[-16.1228, 74.4695, 1.1578, 1.1808]
[-20.9615, 62.2675, 2.1927, 4.4987]
[-13.4931, 74.5713, 1.8244, 4.5925]
--------------------------------
