[-17.5712, 69.1879, 1.225, 1.2953]
[-16.5008, 69.5352, 1.4828, 1.1278]
[-14.7018, 69.9474, 2.6486, 4.2914]
[-12.4799, 82.9847, 3.2604, 4.5925]
--------------------------------
[-17.4913, 69.4708, 1.2118, 1.2912]
[-16.3483, 69.8567, 1.4804, 1.1203]
[-14.9616, 69.3673, 2.5104, 4.1653]
[-12.5735, 82.2078, 3.0941, 4.5925]
--------------------------------
[-17.411, 69.7503, 1.2019, 1.2881]
[-16.1936, 70.1766, 1.4788, 1.1145]
[-15.275, 68.8527, 2.4045, 3.9436]
[-12.6622, 81.4705, 2.9676, 4.5925]
--------------------------------
[-17.3305, 70.0273, 1.1947, 1.2857]
[-16.0373, 70.4952, 1.4776, 1.1102]
[-15.6762, 68.4379, 2.3271, 3.7435]
[-12.7474, 80.7634, 2.875, 4.5925]
--------------------------------
[-17.2499, 70.3025, 1.1897, 1.2841]
[-15.8796, 70.8129, 1.4768, 1.107]
[-16.1366, 68.1217, 2.2743, 3.6773]
[-12.8299, 80.0784, 2.8103, 4.5925]
--------------------------------
[-17.1692, 70.5764, 1.1865, 1.283]
[-15.7211, 71.1299, 1.4763, 1.105]
[-16.606, 67.8431, 2.2409, 3.7325]
[-12.9105, 79.4087, 2.7682, 4.5925]
--------------------------------
[-17.0883, 70.8494, 1.1847, 1.2823]
[-15.5619, 71.4464, 1.476, 1.1037]
[-17.0526, 67.5434, 2.2211, 3.8679]
[-12.99, 78.7491, 2.7435, 4.5925]
--------------------------------
[-17.0074, 71.122, 1.1838, 1.282]
[-15.4024, 71.7627, 1.4759, 1.1031]
[-17.4511, 67.1894, 2.2109, 4.0036]
[-13.0687, 78.0954, 2.7315, 4.5925]
--------------------------------
[-16.9265, 71.3943, 1.1835, 1.2819]
[-15.2427, 72.0789, 1.4759, 1.1029]
[-17.7965, 66.7866, 2.2074, 4.076]
[-13.1471, 77.4446, 2.7276, 4.5925]
--------------------------------
[-16.8456, 71.6666, 1.1835, 1.2819]
[-15.083, 72.395, 1.4759, 1.1029]
[-18.1113, 66.3605, 2.2074, 4.076]
[-13.2253, 76.7946, 2.7276, 4.5925]
--------------------------------
