[-18.2148, 71.6787, 1.4019, 1.2889]
[-17.2027, 71.9231, 1.1714, 1.164]
[-16.7637, 67.1052, 3.2229, 3.3136]
[-12.9175, 79.4582, 2.2208, 4.6154]
--------------------------------
[-18.1212, 72.0018, 1.4009, 1.2926]
[-17.0915, 72.1813, 1.1668, 1.1611]
[-17.5257, 66.9728, 3.1108, 3.9316]
[-12.9691, 78.9277, 2.0546, 4.5945]
--------------------------------
[-18.0289, 72.3251, 1.4003, 1.2954]
[-16.98, 72.4382, 1.1637, 1.1589]
[-18.0512, 66.4424, 3.0144, 4.185]
[-13.0271, 78.438, 1.9276, 4.592]
--------------------------------
[-17.9375, 72.6485, 1.4, 1.2975]
[-16.8682, 72.6941, 1.1618, 1.1572]
[-18.4153, 65.8173, 2.9335, 4.2574]
[-13.0827, 77.9787, 1.834, 4.5924]
--------------------------------
[-17.8468, 72.9721, 1.3998, 1.299]
[-16.7561, 72.9494, 1.1606, 1.156]
[-18.7247, 65.1849, 2.8674, 4.2689]
[-13.1354, 77.5418, 1.7683, 4.5925]
--------------------------------
[-17.7566, 73.2957, 1.3998, 1.3]
[-16.6439, 73.2044, 1.16, 1.1552]
[-19.02, 64.5633, 2.8154, 4.2468]
[-13.1861, 77.1204, 1.7252, 4.5926]
--------------------------------
[-17.6667, 73.6194, 1.3998, 1.3006]
[-16.5315, 73.4591, 1.1598, 1.1548]
[-19.3234, 63.9595, 2.7771, 4.1677]
[-13.2356, 76.7093, 1.6999, 4.5925]
--------------------------------
[-17.577, 73.9431, 1.3998, 1.3009]
[-16.419, 73.7137, 1.1597, 1.1545]
[-19.6688, 63.3895, 2.7514, 4.0157]
[-13.2844, 76.3043, 1.6874, 4.5925]
--------------------------------
[-17.4875, 74.2669, 1.3998, 1.301]
[-16.3064, 73.9683, 1.1597, 1.1544]
[-20.0925, 62.883, 2.7386, 3.8916]
[-13.3328, 75.9022, 1.6834, 4.5925]
--------------------------------
[-17.3979, 74.5907, 1.3998, 1.301]
[-16.1939, 74.2228, 1.1597, 1.1544]
[-20.5734, 62.435, 2.7386, 3.8916]
[-13.3811, 75.5011, 1.6834, 4.5925]
--------------------------------
