[-18.3461, 71.3623, 1.413, 1.3561]
[-17.3268, 71.6761, 1.2228, 1.1708]
[-16.176, 67.6874, 3.2447, 3.4287]
[-12.8609, 80.0411, 2.2036, 4.6389]
--------------------------------
[-18.2739, 71.6937, 1.4108, 1.3643]
[-17.2125, 71.9464, 1.2177, 1.1687]
[-16.9229, 67.4669, 3.2456, 3.7067]
[-12.8997, 79.5137, 2.054, 4.5974]
--------------------------------
[-18.2045, 72.0251, 1.4093, 1.3707]
[-17.0981, 72.2153, 1.2142, 1.167]
[-17.5807, 67.0497, 3.2378, 4.0507]
[-12.9562, 79.024, 1.9396, 4.5916]
--------------------------------
[-18.1373, 72.3566, 1.4084, 1.3755]
[-16.9836, 72.4833, 1.2119, 1.1657]
[-18.0582, 66.4367, 3.2266, 4.197]
[-13.0123, 78.5619, 1.8552, 4.5921]
--------------------------------
[-18.0717, 72.6881, 1.4079, 1.3789]
[-16.869, 72.7506, 1.2105, 1.1648]
[-18.4398, 65.7629, 3.2141, 4.2488]
[-13.0657, 78.1199, 1.7959, 4.5925]
--------------------------------
[-18.0072, 73.0198, 1.4077, 1.3812]
[-16.7543, 73.0175, 1.2097, 1.1642]
[-18.7847, 65.0729, 3.202, 4.2594]
[-13.1173, 77.692, 1.757, 4.5926]
--------------------------------
[-17.9435, 73.3516, 1.4076, 1.3826]
[-16.6394, 73.2842, 1.2093, 1.1639]
[-19.121, 64.3819, 3.1917, 4.2227]
[-13.1677, 77.2733, 1.7341, 4.5925]
--------------------------------
[-17.8803, 73.6835, 1.4076, 1.3832]
[-16.5246, 73.5507, 1.2092, 1.1637]
[-19.4814, 63.706, 3.1839, 4.0813]
[-13.2174, 76.8601, 1.7228, 4.5925]
--------------------------------
[-17.8173, 74.0154, 1.4076, 1.3835]
[-16.4097, 73.8172, 1.2091, 1.1637]
[-19.9322, 63.089, 3.1791, 3.8519]
[-13.2669, 76.4496, 1.7191, 4.5925]
--------------------------------
[-17.7544, 74.3473, 1.4076, 1.3835]
[-16.2948, 74.0837, 1.2091, 1.1637]
[-20.5107, 62.5915, 3.1791, 3.8519]
[-13.3162, 76.04, 1.7191, 4.5925]
--------------------------------
