[-18.353, 69.5041, 1.3271, 1.5736]
[-17.8891, 69.8307, 1.6039, 1.2229]
[-14.1313, 71.5318, 1.3632, 3.963]
[-12.4539, 83.7885, 2.9689, 4.6893]
--------------------------------
[-18.3539, 69.8226, 1.3511, 1.5391]
[-17.7579, 70.1925, 1.6295, 1.2233]
[-14.3542, 71.2922, 0.1632, 4.2902]
[-12.4703, 83.0762, 2.7791, 4.5962]
--------------------------------
[-18.3436, 70.1467, 1.3688, 1.5119]
[-17.6247, 70.5603, 1.6482, 1.2236]
[-14.3702, 71.2565, -1.0368, 4.2899]
[-12.5476, 82.4137, 2.6342, 4.5911]
--------------------------------
[-18.3243, 70.4747, 1.3814, 1.4914]
[-17.4901, 70.9322, 1.6612, 1.2239]
[-14.2682, 71.4834, -2.2368, 4.4422]
[-12.6241, 81.7862, 2.5273, 4.5924]
--------------------------------
[-18.298, 70.8052, 1.39, 1.4767]
[-17.3546, 71.3072, 1.6697, 1.224]
[-14.1249, 72.0008, -3.4368, 4.4892]
[-12.6968, 81.184, 2.4524, 4.5926]
--------------------------------
[-18.2666, 71.1373, 1.3954, 1.4668]
[-17.2184, 71.684, 1.675, 1.2241]
[-13.9424, 72.8051, -4.6368, 4.5295]
[-12.7671, 80.5996, 2.4033, 4.5926]
--------------------------------
[-18.2319, 71.4704, 1.3985, 1.4608]
[-17.0818, 72.0621, 1.6778, 1.2242]
[-13.74, 73.8994, -5.8368, 4.5541]
[-12.8361, 80.027, 2.3744, 4.5925]
--------------------------------
[-18.195, 71.804, 1.3999, 1.4578]
[-16.945, 72.4408, 1.6791, 1.2242]
[-13.5192, 75.2827, -7.0368, 4.5714]
[-12.9042, 79.4612, 2.3602, 4.5925]
--------------------------------
[-18.1572, 72.1378, 1.4004, 1.4568]
[-16.8081, 72.8199, 1.6795, 1.2242]
[-13.2819, 76.9548, -8.2368, 4.5844]
[-12.9719, 78.8988, 2.3555, 4.5925]
--------------------------------
[-18.1189, 72.4717, 1.4004, 1.4568]
[-16.6712, 73.199, 1.6795, 1.2242]
[-13.0296, 78.9154, -9.4368, 6.5612]
[-13.0395, 78.3376, 2.3555, 4.5925]
--------------------------------
