[-17.5759, 69.2689, 1.271, 1.3085]
[-16.7992, 70.1182, 1.7282, 1.3185]
[-14.425, 70.8198, 2.0099, 4.4195]
[-12.5762, 82.1847, 3.7676, 4.5925]
--------------------------------
[-17.4968, 69.5635, 1.2627, 1.3066]
[-16.6957, 70.5198, 1.739, 1.3363]
[-14.5642, 70.358, 1.7336, 4.3718]
[-12.6843, 81.287, 3.6725, 4.5925]
--------------------------------
[-17.4176, 69.8561, 1.2565, 1.3051]
[-16.5987, 70.9257, 1.7465, 1.3499]
[-14.7032, 69.9658, 1.5159, 4.3188]
[-12.7897, 80.4119, 3.6011, 4.5925]
--------------------------------
[-17.3385, 70.147, 1.252, 1.3041]
[-16.5069, 71.3347, 1.7515, 1.3601]
[-14.8427, 69.6298, 1.3499, 4.2647]
[-12.8931, 79.5538, 3.5495, 4.5925]
--------------------------------
[-17.2593, 70.4369, 1.2489, 1.3033]
[-16.419, 71.7458, 1.7546, 1.3673]
[-14.983, 69.3377, 1.229, 4.2172]
[-12.9949, 78.7081, 3.514, 4.5925]
--------------------------------
[-17.18, 70.726, 1.2469, 1.3028]
[-16.3339, 72.1582, 1.7563, 1.3721]
[-15.1231, 69.0782, 1.1465, 4.1807]
[-13.0957, 77.8708, 3.4912, 4.5925]
--------------------------------
[-17.1008, 71.0145, 1.2458, 1.3025]
[-16.2507, 72.5714, 1.7571, 1.3749]
[-15.2626, 68.841, 1.0956, 4.1557]
[-13.1959, 77.0389, 3.4781, 4.5925]
--------------------------------
[-17.0215, 71.3028, 1.2452, 1.3023]
[-16.1686, 72.985, 1.7575, 1.3764]
[-15.4016, 68.6178, 1.0692, 4.1415]
[-13.2957, 76.2101, 3.4718, 4.5925]
--------------------------------
[-16.9422, 71.591, 1.2451, 1.3023]
[-16.0871, 73.3989, 1.7575, 1.3769]
[-15.5403, 68.4019, 1.0601, 4.136]
[-13.3953, 75.3828, 3.4698, 4.5925]
--------------------------------
[-16.8629, 71.8791, 1.2451, 1.3023]
[-16.0058, 73.8128, 1.7575, 1.3769]
[-15.6789, 68.1886, 1.0601, 4.136]
[-13.4949, 74.5561, 3.4698, 4.5925]
--------------------------------
