[-17.5602, 69.1607, 1.211, 1.2859]
[-16.7034, 69.8617, 1.6113, 1.2588]
[-14.4195, 70.8807, 1.9697, 4.4115]
[-12.6655, 81.4437, 4.2177, 4.5925]
--------------------------------
[-17.4785, 69.4396, 1.1963, 1.2803]
[-16.5847, 70.2297, 1.6175, 1.2721]
[-14.5596, 70.4292, 1.6868, 4.3779]
[-12.7865, 80.4388, 4.1729, 4.5925]
--------------------------------
[-17.3962, 69.7147, 1.1852, 1.2759]
[-16.4704, 70.6008, 1.622, 1.2825]
[-14.6925, 70.0468, 1.464, 4.3331]
[-12.9062, 79.4445, 4.1398, 4.5925]
--------------------------------
[-17.3136, 69.9868, 1.1772, 1.2727]
[-16.3598, 70.974, 1.6252, 1.2902]
[-14.8226, 69.7204, 1.2943, 4.2795]
[-13.025, 78.458, 4.1163, 4.5925]
--------------------------------
[-17.2306, 70.2569, 1.1717, 1.2705]
[-16.2517, 71.3488, 1.6272, 1.2957]
[-14.9529, 69.4384, 1.1705, 4.2274]
[-13.1431, 77.4772, 4.1005, 4.5925]
--------------------------------
[-17.1474, 70.5255, 1.1681, 1.269]
[-16.1457, 71.7246, 1.6284, 1.2994]
[-15.0838, 69.1899, 1.0858, 4.1844]
[-13.2608, 76.5001, 4.0906, 4.5925]
--------------------------------
[-17.0641, 70.7932, 1.166, 1.2681]
[-16.0409, 72.1011, 1.6291, 1.3016]
[-15.2151, 68.9648, 1.0333, 4.1536]
[-13.3782, 75.5254, 4.085, 4.5925]
--------------------------------
[-16.9807, 71.0603, 1.165, 1.2676]
[-15.9369, 72.478, 1.6294, 1.3027]
[-15.3466, 68.7545, 1.0059, 4.1353]
[-13.4954, 74.5521, 4.0823, 4.5925]
--------------------------------
[-16.8972, 71.3272, 1.1647, 1.2675]
[-15.8333, 72.8551, 1.6295, 1.3031]
[-15.4783, 68.5522, 0.9963, 4.128]
[-13.6125, 73.5793, 4.0815, 4.5925]
--------------------------------
[-16.8137, 71.5939, 1.1647, 1.2675]
[-15.7299, 73.2322, 1.6295, 1.3031]
[-15.6102, 68.3528, 0.9963, 4.128]
[-13.7296, 72.6068, 4.0815, 4.5925]
--------------------------------
