[-18.5275, 70.0381, 1.2889, 1.5176]
[-17.7669, 70.5202, 1.4973, 1.2099]
[-14.5433, 70.2298, 4.0109, 4.0428]
[-12.6062, 82.4038, 2.7545, 4.6748]
--------------------------------
[-18.5111, 70.347, 1.3166, 1.4772]
[-17.64, 70.8564, 1.5236, 1.2079]
[-15.1408, 69.475, 5.2109, 3.9278]
[-12.631, 81.7431, 2.6304, 4.5961]
--------------------------------
[-18.4815, 70.6616, 1.3369, 1.4452]
[-17.5101, 71.1983, 1.5424, 1.2063]
[-16.0244, 68.59, 5.7574, 3.8505]
[-12.7042, 81.1161, 2.5357, 4.5915]
--------------------------------
[-18.4413, 70.9799, 1.3513, 1.4211]
[-17.3782, 71.5441, 1.5552, 1.2051]
[-17.0733, 67.6905, 5.7494, 3.9784]
[-12.7776, 80.512, 2.466, 4.5924]
--------------------------------
[-18.393, 71.3006, 1.361, 1.4037]
[-17.2447, 71.8927, 1.5635, 1.2042]
[-17.9976, 66.666, 5.4447, 4.185]
[-12.8484, 79.9244, 2.4173, 4.5926]
--------------------------------
[-18.3386, 71.6227, 1.3671, 1.392]
[-17.1102, 72.243, 1.5684, 1.2037]
[-18.6552, 65.5368, 5.034, 4.2644]
[-12.9178, 79.3484, 2.3854, 4.5925]
--------------------------------
[-18.2803, 71.9456, 1.3705, 1.385]
[-16.9751, 72.5943, 1.571, 1.2033]
[-19.1786, 64.4478, 4.6511, 4.0024]
[-12.9862, 78.78, 2.3667, 4.5925]
--------------------------------
[-18.2195, 72.2688, 1.3721, 1.3815]
[-16.8397, 72.9462, 1.5721, 1.2032]
[-19.9062, 63.6013, 4.4003, 3.5967]
[-13.0542, 78.2161, 2.3575, 4.5925]
--------------------------------
[-18.1575, 72.5922, 1.3725, 1.3803]
[-16.7041, 73.2983, 1.5725, 1.2031]
[-20.8547, 63.137, 4.0666, 4.6528]
[-13.1218, 77.6544, 2.3545, 4.5925]
--------------------------------
[-18.0951, 72.9157, 1.3725, 1.3803]
[-16.5684, 73.6505, 1.5725, 1.2031]
[-20.9128, 62.1628, 4.0666, 4.6528]
[-13.1894, 77.0933, 2.3545, 4.5925]
--------------------------------
