[-18.4558, 71.0334, 1.3903, 1.4261]
[-17.4471, 71.4127, 1.2807, 1.1814]
[-15.6598, 68.2981, 4.3273, 3.7054]
[-12.8012, 80.6035, 2.2443, 4.6522]
--------------------------------
[-18.4077, 71.3636, 1.3863, 1.4404]
[-17.3304, 71.6971, 1.2774, 1.1806]
[-16.5376, 67.7431, 5.5273, 3.7836]
[-12.8336, 80.0658, 2.0881, 4.5985]
--------------------------------
[-18.3644, 71.6935, 1.3836, 1.4515]
[-17.2138, 71.9806, 1.2751, 1.18]
[-17.6001, 66.9487, 6.7273, 3.9742]
[-12.8906, 79.5679, 1.9686, 4.5913]
--------------------------------
[-18.3249, 72.0232, 1.3818, 1.4598]
[-17.0972, 72.2635, 1.2735, 1.1796]
[-18.6866, 65.7545, 6.7286, 4.1086]
[-12.9476, 79.0989, 1.8804, 4.5921]
--------------------------------
[-18.2881, 72.3528, 1.3806, 1.4657]
[-16.9807, 72.5461, 1.2725, 1.1792]
[-19.6035, 64.4251, 5.8211, 4.0945]
[-13.0018, 78.6508, 1.8184, 4.5925]
--------------------------------
[-18.2534, 72.6823, 1.38, 1.4697]
[-16.8641, 72.8284, 1.272, 1.179]
[-20.4128, 63.2864, 4.6211, 2.8277]
[-13.054, 78.2176, 1.7777, 4.5926]
--------------------------------
[-18.2199, 73.0118, 1.3797, 1.472]
[-16.7475, 73.1105, 1.2717, 1.1789]
[-21.4677, 63.6288, 3.7154, 1.7187]
[-13.105, 77.794, 1.7537, 4.5925]
--------------------------------
[-18.1873, 73.3413, 1.3796, 1.4732]
[-16.631, 73.3926, 1.2716, 1.1788]
[-21.5991, 64.5108, 3.1638, 1.7718]
[-13.1553, 77.3761, 1.7419, 4.5925]
--------------------------------
[-18.155, 73.6709, 1.3796, 1.4736]
[-16.5144, 73.6746, 1.2715, 1.1788]
[-21.7507, 65.2548, 2.9491, 1.754]
[-13.2053, 76.961, 1.738, 4.5925]
--------------------------------
[-18.1229, 74.0004, 1.3796, 1.4736]
[-16.3978, 73.9566, 1.2715, 1.1788]
[-21.8797, 65.9507, 2.9491, 1.754]
[-13.2552, 76.5469, 1.738, 4.5925]
--------------------------------
