t: 10
inverse_costs_future: 663.7791
baseline_inverse_costs_future: 51.2093
params_future: [-16.4989, 74.2824, 0.3562, 1.0, 0.5145, 1.3896, 1.0, 10.0, -16.2088, 74.5261, 0.4048, 1.0, 0.537, 1.3821, 1.0, 10.0, -26.0428, 63.9922, 2.1333, 1.0, 0.4382, 1.3484, 1.0, 10.0001, -14.168, 68.1279, 0.4781, 1.0, -0.3499, 1.5889, 1.0, 10.0002]
baseline_params_future: [-16.6005, 73.9631, 1.0, 0.0388, 1.7746, 1.0, 10.0, -16.3103, 74.2263, 1.0, 0.5284, 1.757, 1.0, 10.0, -27.1845, 68.6807, 1.0, 5.341, 2.1693, 1.0, 8.2845, -14.1154, 68.5657, 1.0, -0.1019, 2.9387, 1.0, 10.0003]
t: 11
inverse_costs_future: 16.2816
baseline_inverse_costs_future: 13.2021
params_future: [-16.5034, 74.2846, 0.2378, 1.0, 0.4806, 1.3984, 1.0, 10.0, -16.2122, 74.5339, 0.3409, 1.0, 0.5236, 1.3801, 1.0, 10.0, -25.916, 63.9328, 0.1147, 1.0, 0.1441, 1.5754, 1.0, 9.9801, -14.1692, 68.1175, 0.4579, 1.0, -0.3094, 1.5878, 1.0, 10.0]
baseline_params_future: [-16.6163, 73.9823, 1.0, -0.0105, 1.76, 1.0, 10.0, -16.3218, 74.2302, 1.0, 0.0284, 1.7403, 1.0, 10.0, -25.751, 64.2874, 1.0, -0.2351, 4.3657, 1.0, 9.4967, -14.1304, 68.4407, 1.0, -0.0501, 2.1252, 1.0, 10.0001]
t: 12
inverse_costs_future: 74.3458
baseline_inverse_costs_future: 82.0818
params_future: [-16.3808, 74.4517, 0.9653, 1.0, 0.9542, 1.0459, 1.0, 10.0, -16.1086, 74.6978, 0.9785, 1.0, 0.9528, 1.05, 1.0, 10.0, -25.9818, 63.8132, 1.0023, 1.0, 1.0029, 1.0006, 1.0, 9.9997, -14.2013, 67.8512, 0.9513, 1.0, 0.9499, 1.0501, 1.0, 10.0]
baseline_params_future: [-16.3595, 74.4969, 1.0, 0.9966, 1.0034, 1.0, 10.0, -16.0833, 74.7378, 1.0, 0.9892, 1.0112, 1.0, 10.0, -25.9825, 63.8144, 1.0, 1.004, 1.0094, 1.0, 9.9986, -14.2042, 67.8284, 1.0, 0.9873, 1.0127, 1.0, 10.0]
t: 13
inverse_costs_future: 8.8283
baseline_inverse_costs_future: 11.0281
params_future: [-16.5219, 74.2992, 0.1142, 1.0, 0.463, 1.3947, 1.0, 10.0, -16.216, 74.5516, 0.2301, 1.0, 0.5106, 1.3739, 1.0, 10.0, -25.8883, 63.9486, 0.0727, 1.0, 0.3693, 1.4155, 1.0, 9.9524, -14.1724, 68.0913, 0.5763, 1.0, -0.41, 1.5507, 1.0, 10.0]
baseline_params_future: [-16.6975, 74.0197, 1.0, -0.0161, 1.8034, 1.0, 10.0, -16.3274, 74.2884, 1.0, -0.0041, 1.705, 1.0, 10.0, -25.9005, 63.924, 1.0, -0.064, 1.8906, 1.0, 9.9178, -14.1352, 68.4001, 1.0, -0.0705, 2.1074, 1.0, 10.0]
t: 14
inverse_costs_future: 13.3168
baseline_inverse_costs_future: 18.904
params_future: [-16.5343, 74.3114, 0.0911, 1.0, 0.4622, 1.3924, 1.0, 10.0, -16.2172, 74.5566, 0.1867, 1.0, 0.4999, 1.3743, 1.0, 10.0, -25.9437, 63.9185, 0.0662, 1.0, 0.3932, 1.5453, 1.0, 9.9763, -14.1732, 68.0836, 0.6059, 1.0, -0.4524, 1.5294, 1.0, 10.0]
baseline_params_future: [-16.77, 74.0393, 1.0, -0.018, 1.8294, 1.0, 10.0, -16.3446, 74.3129, 1.0, 0.0119, 1.7022, 1.0, 10.0, -25.9323, 64.1028, 1.0, -0.1162, 2.1565, 1.0, 9.918, -14.1375, 68.3822, 1.0, -0.0288, 2.0894, 1.0, 10.0]
t: 15
inverse_costs_future: 10.0152
baseline_inverse_costs_future: 107.2301
params_future: [-16.551, 74.3251, 0.0881, 1.0, 0.4695, 1.3861, 1.0, 10.0, -16.2183, 74.5646, 0.1561, 1.0, 0.4902, 1.3737, 1.0, 10.0, -25.8791, 63.9683, 0.0886, 1.0, 0.3226, 1.5218, 1.0, 9.9837, -14.1763, 68.0616, -0.5889, 1.0, 0.8636, 1.3253, 1.0, 10.0]
baseline_params_future: [-16.3691, 74.5037, 1.0, 1.0065, 0.9936, 1.0, 10.0, -16.0882, 74.7472, 1.0, 1.0039, 0.9966, 1.0, 10.0, -25.9816, 63.8132, 1.0, 1.0011, 1.0005, 1.0, 9.9998, -14.2044, 67.8248, 1.0, 1.0015, 0.9985, 1.0, 10.0]
t: 16
inverse_costs_future: 119.6656
baseline_inverse_costs_future: 63.2418
params_future: [-16.3877, 74.4564, 0.9671, 1.0, 0.954, 1.0462, 1.0, 10.0, -16.1055, 74.7021, 0.9595, 1.0, 0.9515, 1.0491, 1.0, 10.0, -25.9818, 63.8129, 1.0135, 1.0, 1.0057, 0.9966, 1.0, 9.9998, -14.2013, 67.8502, 0.9515, 1.0, 0.9499, 1.0501, 1.0, 10.0]
baseline_params_future: [-16.3712, 74.5041, 1.0, 1.0051, 0.9953, 1.0, 10.0, -16.0882, 74.7479, 1.0, 1.0072, 0.9934, 1.0, 10.0, -25.9815, 63.8132, 1.0, 1.0, 1.0007, 1.0, 10.0, -14.2042, 67.8284, 1.0, 0.9872, 1.0129, 1.0, 10.0]
t: 17
inverse_costs_future: 62.2038
baseline_inverse_costs_future: 110.1651
params_future: [-16.3737, 74.5039, 1.0122, 1.0, 1.0019, 0.9985, 1.0, 10.0, -16.089, 74.7472, 1.0148, 1.0, 1.0026, 0.998, 1.0, 10.0, -25.9815, 63.8132, 0.9998, 1.0, 1.0003, 1.0, 1.0, 10.0, -14.2046, 67.8243, 1.0064, 1.0, 1.0013, 0.9987, 1.0, 10.0]
baseline_params_future: [-16.373, 74.5049, 1.0, 1.0052, 0.9952, 1.0, 10.0, -16.0899, 74.7486, 1.0, 1.0063, 0.9941, 1.0, 10.0, -25.9815, 63.8132, 1.0, 1.0, 0.9999, 1.0, 10.0, -14.2046, 67.8241, 1.0, 1.0024, 0.9977, 1.0, 10.0]
t: 18
inverse_costs_future: 55.0363
baseline_inverse_costs_future: 125.7591
params_future: [-16.3664, 74.5026, 1.0193, 1.0, 1.004, 0.9962, 1.0, 10.0, -16.0826, 74.7464, 1.0302, 1.0, 1.0069, 0.9936, 1.0, 10.0, -25.9816, 63.8131, 1.0014, 1.0, 1.0011, 1.0002, 1.0, 9.9999, -14.2046, 67.8252, 1.0014, 1.0, 0.998, 1.002, 1.0, 10.0]
baseline_params_future: [-16.3657, 74.501, 1.0, 1.001, 0.9991, 1.0, 10.0, -16.0858, 74.7445, 1.0, 1.0023, 0.9982, 1.0, 10.0, -25.9818, 63.8134, 1.0, 1.0025, 1.0013, 1.0, 9.9996, -14.2041, 67.8282, 1.0, 0.9878, 1.0123, 1.0, 10.0]
t: 10
inverse_costs_future: 663.7791
baseline_inverse_costs_future: 51.2093
params_future: [-16.4989, 74.2824, 0.3562, 1.0, 0.5145, 1.3896, 1.0, 10.0, -16.2088, 74.5261, 0.4048, 1.0, 0.537, 1.3821, 1.0, 10.0, -26.0428, 63.9922, 2.1333, 1.0, 0.4382, 1.3484, 1.0, 10.0001, -14.168, 68.1279, 0.4781, 1.0, -0.3499, 1.5889, 1.0, 10.0002]
baseline_params_future: [-16.6005, 73.9631, 1.0, 0.0388, 1.7746, 1.0, 10.0, -16.3103, 74.2263, 1.0, 0.5284, 1.757, 1.0, 10.0, -27.1845, 68.6807, 1.0, 5.341, 2.1693, 1.0, 8.2845, -14.1154, 68.5657, 1.0, -0.1019, 2.9387, 1.0, 10.0003]
t: 11
inverse_costs_future: 16.2816
baseline_inverse_costs_future: 13.2021
params_future: [-16.5034, 74.2846, 0.2378, 1.0, 0.4806, 1.3984, 1.0, 10.0, -16.2122, 74.5339, 0.3409, 1.0, 0.5236, 1.3801, 1.0, 10.0, -25.916, 63.9328, 0.1147, 1.0, 0.1441, 1.5754, 1.0, 9.9801, -14.1692, 68.1175, 0.4579, 1.0, -0.3094, 1.5878, 1.0, 10.0]
baseline_params_future: [-16.6163, 73.9823, 1.0, -0.0105, 1.76, 1.0, 10.0, -16.3218, 74.2302, 1.0, 0.0284, 1.7403, 1.0, 10.0, -25.751, 64.2874, 1.0, -0.2351, 4.3657, 1.0, 9.4967, -14.1304, 68.4407, 1.0, -0.0501, 2.1252, 1.0, 10.0001]
t: 12
inverse_costs_future: 74.3458
baseline_inverse_costs_future: 82.0818
params_future: [-16.3808, 74.4517, 0.9653, 1.0, 0.9542, 1.0459, 1.0, 10.0, -16.1086, 74.6978, 0.9785, 1.0, 0.9528, 1.05, 1.0, 10.0, -25.9818, 63.8132, 1.0023, 1.0, 1.0029, 1.0006, 1.0, 9.9997, -14.2013, 67.8512, 0.9513, 1.0, 0.9499, 1.0501, 1.0, 10.0]
baseline_params_future: [-16.3595, 74.4969, 1.0, 0.9966, 1.0034, 1.0, 10.0, -16.0833, 74.7378, 1.0, 0.9892, 1.0112, 1.0, 10.0, -25.9825, 63.8144, 1.0, 1.004, 1.0094, 1.0, 9.9986, -14.2042, 67.8284, 1.0, 0.9873, 1.0127, 1.0, 10.0]
t: 13
inverse_costs_future: 8.8283
baseline_inverse_costs_future: 11.0281
params_future: [-16.5219, 74.2992, 0.1142, 1.0, 0.463, 1.3947, 1.0, 10.0, -16.216, 74.5516, 0.2301, 1.0, 0.5106, 1.3739, 1.0, 10.0, -25.8883, 63.9486, 0.0727, 1.0, 0.3693, 1.4155, 1.0, 9.9524, -14.1724, 68.0913, 0.5763, 1.0, -0.41, 1.5507, 1.0, 10.0]
baseline_params_future: [-16.6975, 74.0197, 1.0, -0.0161, 1.8034, 1.0, 10.0, -16.3274, 74.2884, 1.0, -0.0041, 1.705, 1.0, 10.0, -25.9005, 63.924, 1.0, -0.064, 1.8906, 1.0, 9.9178, -14.1352, 68.4001, 1.0, -0.0705, 2.1074, 1.0, 10.0]
t: 14
inverse_costs_future: 13.3168
baseline_inverse_costs_future: 18.904
params_future: [-16.5343, 74.3114, 0.0911, 1.0, 0.4622, 1.3924, 1.0, 10.0, -16.2172, 74.5566, 0.1867, 1.0, 0.4999, 1.3743, 1.0, 10.0, -25.9437, 63.9185, 0.0662, 1.0, 0.3932, 1.5453, 1.0, 9.9763, -14.1732, 68.0836, 0.6059, 1.0, -0.4524, 1.5294, 1.0, 10.0]
baseline_params_future: [-16.77, 74.0393, 1.0, -0.018, 1.8294, 1.0, 10.0, -16.3446, 74.3129, 1.0, 0.0119, 1.7022, 1.0, 10.0, -25.9323, 64.1028, 1.0, -0.1162, 2.1565, 1.0, 9.918, -14.1375, 68.3822, 1.0, -0.0288, 2.0894, 1.0, 10.0]
t: 15
inverse_costs_future: 10.0152
baseline_inverse_costs_future: 107.2301
params_future: [-16.551, 74.3251, 0.0881, 1.0, 0.4695, 1.3861, 1.0, 10.0, -16.2183, 74.5646, 0.1561, 1.0, 0.4902, 1.3737, 1.0, 10.0, -25.8791, 63.9683, 0.0886, 1.0, 0.3226, 1.5218, 1.0, 9.9837, -14.1763, 68.0616, -0.5889, 1.0, 0.8636, 1.3253, 1.0, 10.0]
baseline_params_future: [-16.3691, 74.5037, 1.0, 1.0065, 0.9936, 1.0, 10.0, -16.0882, 74.7472, 1.0, 1.0039, 0.9966, 1.0, 10.0, -25.9816, 63.8132, 1.0, 1.0011, 1.0005, 1.0, 9.9998, -14.2044, 67.8248, 1.0, 1.0015, 0.9985, 1.0, 10.0]
t: 16
inverse_costs_future: 119.6656
baseline_inverse_costs_future: 63.2418
params_future: [-16.3877, 74.4564, 0.9671, 1.0, 0.954, 1.0462, 1.0, 10.0, -16.1055, 74.7021, 0.9595, 1.0, 0.9515, 1.0491, 1.0, 10.0, -25.9818, 63.8129, 1.0135, 1.0, 1.0057, 0.9966, 1.0, 9.9998, -14.2013, 67.8502, 0.9515, 1.0, 0.9499, 1.0501, 1.0, 10.0]
baseline_params_future: [-16.3712, 74.5041, 1.0, 1.0051, 0.9953, 1.0, 10.0, -16.0882, 74.7479, 1.0, 1.0072, 0.9934, 1.0, 10.0, -25.9815, 63.8132, 1.0, 1.0, 1.0007, 1.0, 10.0, -14.2042, 67.8284, 1.0, 0.9872, 1.0129, 1.0, 10.0]
t: 17
inverse_costs_future: 62.2038
baseline_inverse_costs_future: 110.1651
params_future: [-16.3737, 74.5039, 1.0122, 1.0, 1.0019, 0.9985, 1.0, 10.0, -16.089, 74.7472, 1.0148, 1.0, 1.0026, 0.998, 1.0, 10.0, -25.9815, 63.8132, 0.9998, 1.0, 1.0003, 1.0, 1.0, 10.0, -14.2046, 67.8243, 1.0064, 1.0, 1.0013, 0.9987, 1.0, 10.0]
baseline_params_future: [-16.373, 74.5049, 1.0, 1.0052, 0.9952, 1.0, 10.0, -16.0899, 74.7486, 1.0, 1.0063, 0.9941, 1.0, 10.0, -25.9815, 63.8132, 1.0, 1.0, 0.9999, 1.0, 10.0, -14.2046, 67.8241, 1.0, 1.0024, 0.9977, 1.0, 10.0]
t: 18
inverse_costs_future: 55.0363
baseline_inverse_costs_future: 125.7591
params_future: [-16.3664, 74.5026, 1.0193, 1.0, 1.004, 0.9962, 1.0, 10.0, -16.0826, 74.7464, 1.0302, 1.0, 1.0069, 0.9936, 1.0, 10.0, -25.9816, 63.8131, 1.0014, 1.0, 1.0011, 1.0002, 1.0, 9.9999, -14.2046, 67.8252, 1.0014, 1.0, 0.998, 1.002, 1.0, 10.0]
baseline_params_future: [-16.3657, 74.501, 1.0, 1.001, 0.9991, 1.0, 10.0, -16.0858, 74.7445, 1.0, 1.0023, 0.9982, 1.0, 10.0, -25.9818, 63.8134, 1.0, 1.0025, 1.0013, 1.0, 9.9996, -14.2041, 67.8282, 1.0, 0.9878, 1.0123, 1.0, 10.0]
t: 10
inverse_costs_future: 663.7791
baseline_inverse_costs_future: 51.2093
params_future: [-16.4989, 74.2824, 0.3562, 1.0, 0.5145, 1.3896, 1.0, 10.0, -16.2088, 74.5261, 0.4048, 1.0, 0.537, 1.3821, 1.0, 10.0, -26.0428, 63.9922, 2.1333, 1.0, 0.4382, 1.3484, 1.0, 10.0001, -14.168, 68.1279, 0.4781, 1.0, -0.3499, 1.5889, 1.0, 10.0002]
baseline_params_future: [-16.6005, 73.9631, 1.0, 0.0388, 1.7746, 1.0, 10.0, -16.3103, 74.2263, 1.0, 0.5284, 1.757, 1.0, 10.0, -27.1845, 68.6807, 1.0, 5.341, 2.1693, 1.0, 8.2845, -14.1154, 68.5657, 1.0, -0.1019, 2.9387, 1.0, 10.0003]
t: 11
inverse_costs_future: 16.2816
baseline_inverse_costs_future: 13.2021
params_future: [-16.5034, 74.2846, 0.2378, 1.0, 0.4806, 1.3984, 1.0, 10.0, -16.2122, 74.5339, 0.3409, 1.0, 0.5236, 1.3801, 1.0, 10.0, -25.916, 63.9328, 0.1147, 1.0, 0.1441, 1.5754, 1.0, 9.9801, -14.1692, 68.1175, 0.4579, 1.0, -0.3094, 1.5878, 1.0, 10.0]
baseline_params_future: [-16.6163, 73.9823, 1.0, -0.0105, 1.76, 1.0, 10.0, -16.3218, 74.2302, 1.0, 0.0284, 1.7403, 1.0, 10.0, -25.751, 64.2874, 1.0, -0.2351, 4.3657, 1.0, 9.4967, -14.1304, 68.4407, 1.0, -0.0501, 2.1252, 1.0, 10.0001]
t: 12
inverse_costs_future: 74.3458
baseline_inverse_costs_future: 82.0818
params_future: [-16.3808, 74.4517, 0.9653, 1.0, 0.9542, 1.0459, 1.0, 10.0, -16.1086, 74.6978, 0.9785, 1.0, 0.9528, 1.05, 1.0, 10.0, -25.9818, 63.8132, 1.0023, 1.0, 1.0029, 1.0006, 1.0, 9.9997, -14.2013, 67.8512, 0.9513, 1.0, 0.9499, 1.0501, 1.0, 10.0]
baseline_params_future: [-16.3595, 74.4969, 1.0, 0.9966, 1.0034, 1.0, 10.0, -16.0833, 74.7378, 1.0, 0.9892, 1.0112, 1.0, 10.0, -25.9825, 63.8144, 1.0, 1.004, 1.0094, 1.0, 9.9986, -14.2042, 67.8284, 1.0, 0.9873, 1.0127, 1.0, 10.0]
t: 13
inverse_costs_future: 8.8283
baseline_inverse_costs_future: 11.0281
params_future: [-16.5219, 74.2992, 0.1142, 1.0, 0.463, 1.3947, 1.0, 10.0, -16.216, 74.5516, 0.2301, 1.0, 0.5106, 1.3739, 1.0, 10.0, -25.8883, 63.9486, 0.0727, 1.0, 0.3693, 1.4155, 1.0, 9.9524, -14.1724, 68.0913, 0.5763, 1.0, -0.41, 1.5507, 1.0, 10.0]
baseline_params_future: [-16.6975, 74.0197, 1.0, -0.0161, 1.8034, 1.0, 10.0, -16.3274, 74.2884, 1.0, -0.0041, 1.705, 1.0, 10.0, -25.9005, 63.924, 1.0, -0.064, 1.8906, 1.0, 9.9178, -14.1352, 68.4001, 1.0, -0.0705, 2.1074, 1.0, 10.0]
t: 14
inverse_costs_future: 13.3168
baseline_inverse_costs_future: 18.904
params_future: [-16.5343, 74.3114, 0.0911, 1.0, 0.4622, 1.3924, 1.0, 10.0, -16.2172, 74.5566, 0.1867, 1.0, 0.4999, 1.3743, 1.0, 10.0, -25.9437, 63.9185, 0.0662, 1.0, 0.3932, 1.5453, 1.0, 9.9763, -14.1732, 68.0836, 0.6059, 1.0, -0.4524, 1.5294, 1.0, 10.0]
baseline_params_future: [-16.77, 74.0393, 1.0, -0.018, 1.8294, 1.0, 10.0, -16.3446, 74.3129, 1.0, 0.0119, 1.7022, 1.0, 10.0, -25.9323, 64.1028, 1.0, -0.1162, 2.1565, 1.0, 9.918, -14.1375, 68.3822, 1.0, -0.0288, 2.0894, 1.0, 10.0]
t: 15
inverse_costs_future: 10.0152
baseline_inverse_costs_future: 107.2301
params_future: [-16.551, 74.3251, 0.0881, 1.0, 0.4695, 1.3861, 1.0, 10.0, -16.2183, 74.5646, 0.1561, 1.0, 0.4902, 1.3737, 1.0, 10.0, -25.8791, 63.9683, 0.0886, 1.0, 0.3226, 1.5218, 1.0, 9.9837, -14.1763, 68.0616, -0.5889, 1.0, 0.8636, 1.3253, 1.0, 10.0]
baseline_params_future: [-16.3691, 74.5037, 1.0, 1.0065, 0.9936, 1.0, 10.0, -16.0882, 74.7472, 1.0, 1.0039, 0.9966, 1.0, 10.0, -25.9816, 63.8132, 1.0, 1.0011, 1.0005, 1.0, 9.9998, -14.2044, 67.8248, 1.0, 1.0015, 0.9985, 1.0, 10.0]
t: 16
inverse_costs_future: 119.6656
baseline_inverse_costs_future: 63.2418
params_future: [-16.3877, 74.4564, 0.9671, 1.0, 0.954, 1.0462, 1.0, 10.0, -16.1055, 74.7021, 0.9595, 1.0, 0.9515, 1.0491, 1.0, 10.0, -25.9818, 63.8129, 1.0135, 1.0, 1.0057, 0.9966, 1.0, 9.9998, -14.2013, 67.8502, 0.9515, 1.0, 0.9499, 1.0501, 1.0, 10.0]
baseline_params_future: [-16.3712, 74.5041, 1.0, 1.0051, 0.9953, 1.0, 10.0, -16.0882, 74.7479, 1.0, 1.0072, 0.9934, 1.0, 10.0, -25.9815, 63.8132, 1.0, 1.0, 1.0007, 1.0, 10.0, -14.2042, 67.8284, 1.0, 0.9872, 1.0129, 1.0, 10.0]
t: 17
inverse_costs_future: 62.2038
baseline_inverse_costs_future: 110.1651
params_future: [-16.3737, 74.5039, 1.0122, 1.0, 1.0019, 0.9985, 1.0, 10.0, -16.089, 74.7472, 1.0148, 1.0, 1.0026, 0.998, 1.0, 10.0, -25.9815, 63.8132, 0.9998, 1.0, 1.0003, 1.0, 1.0, 10.0, -14.2046, 67.8243, 1.0064, 1.0, 1.0013, 0.9987, 1.0, 10.0]
baseline_params_future: [-16.373, 74.5049, 1.0, 1.0052, 0.9952, 1.0, 10.0, -16.0899, 74.7486, 1.0, 1.0063, 0.9941, 1.0, 10.0, -25.9815, 63.8132, 1.0, 1.0, 0.9999, 1.0, 10.0, -14.2046, 67.8241, 1.0, 1.0024, 0.9977, 1.0, 10.0]
t: 18
inverse_costs_future: 55.0363
baseline_inverse_costs_future: 125.7591
params_future: [-16.3664, 74.5026, 1.0193, 1.0, 1.004, 0.9962, 1.0, 10.0, -16.0826, 74.7464, 1.0302, 1.0, 1.0069, 0.9936, 1.0, 10.0, -25.9816, 63.8131, 1.0014, 1.0, 1.0011, 1.0002, 1.0, 9.9999, -14.2046, 67.8252, 1.0014, 1.0, 0.998, 1.002, 1.0, 10.0]
baseline_params_future: [-16.3657, 74.501, 1.0, 1.001, 0.9991, 1.0, 10.0, -16.0858, 74.7445, 1.0, 1.0023, 0.9982, 1.0, 10.0, -25.9818, 63.8134, 1.0, 1.0025, 1.0013, 1.0, 9.9996, -14.2041, 67.8282, 1.0, 0.9878, 1.0123, 1.0, 10.0]
t: 10
inverse_costs_future: 663.7791
baseline_inverse_costs_future: 51.2093
params_future: [-16.4989, 74.2824, 0.3562, 1.0, 0.5145, 1.3896, 1.0, 10.0, -16.2088, 74.5261, 0.4048, 1.0, 0.537, 1.3821, 1.0, 10.0, -26.0428, 63.9922, 2.1333, 1.0, 0.4382, 1.3484, 1.0, 10.0001, -14.168, 68.1279, 0.4781, 1.0, -0.3499, 1.5889, 1.0, 10.0002]
baseline_params_future: [-16.6005, 73.9631, 1.0, 0.0388, 1.7746, 1.0, 10.0, -16.3103, 74.2263, 1.0, 0.5284, 1.757, 1.0, 10.0, -27.1845, 68.6807, 1.0, 5.341, 2.1693, 1.0, 8.2845, -14.1154, 68.5657, 1.0, -0.1019, 2.9387, 1.0, 10.0003]
t: 11
inverse_costs_future: 16.2816
baseline_inverse_costs_future: 13.2021
params_future: [-16.5034, 74.2846, 0.2378, 1.0, 0.4806, 1.3984, 1.0, 10.0, -16.2122, 74.5339, 0.3409, 1.0, 0.5236, 1.3801, 1.0, 10.0, -25.916, 63.9328, 0.1147, 1.0, 0.1441, 1.5754, 1.0, 9.9801, -14.1692, 68.1175, 0.4579, 1.0, -0.3094, 1.5878, 1.0, 10.0]
baseline_params_future: [-16.6163, 73.9823, 1.0, -0.0105, 1.76, 1.0, 10.0, -16.3218, 74.2302, 1.0, 0.0284, 1.7403, 1.0, 10.0, -25.751, 64.2874, 1.0, -0.2351, 4.3657, 1.0, 9.4967, -14.1304, 68.4407, 1.0, -0.0501, 2.1252, 1.0, 10.0001]
t: 12
inverse_costs_future: 74.3458
baseline_inverse_costs_future: 82.0818
params_future: [-16.3808, 74.4517, 0.9653, 1.0, 0.9542, 1.0459, 1.0, 10.0, -16.1086, 74.6978, 0.9785, 1.0, 0.9528, 1.05, 1.0, 10.0, -25.9818, 63.8132, 1.0023, 1.0, 1.0029, 1.0006, 1.0, 9.9997, -14.2013, 67.8512, 0.9513, 1.0, 0.9499, 1.0501, 1.0, 10.0]
baseline_params_future: [-16.3595, 74.4969, 1.0, 0.9966, 1.0034, 1.0, 10.0, -16.0833, 74.7378, 1.0, 0.9892, 1.0112, 1.0, 10.0, -25.9825, 63.8144, 1.0, 1.004, 1.0094, 1.0, 9.9986, -14.2042, 67.8284, 1.0, 0.9873, 1.0127, 1.0, 10.0]
t: 13
inverse_costs_future: 8.8283
baseline_inverse_costs_future: 11.0281
params_future: [-16.5219, 74.2992, 0.1142, 1.0, 0.463, 1.3947, 1.0, 10.0, -16.216, 74.5516, 0.2301, 1.0, 0.5106, 1.3739, 1.0, 10.0, -25.8883, 63.9486, 0.0727, 1.0, 0.3693, 1.4155, 1.0, 9.9524, -14.1724, 68.0913, 0.5763, 1.0, -0.41, 1.5507, 1.0, 10.0]
baseline_params_future: [-16.6975, 74.0197, 1.0, -0.0161, 1.8034, 1.0, 10.0, -16.3274, 74.2884, 1.0, -0.0041, 1.705, 1.0, 10.0, -25.9005, 63.924, 1.0, -0.064, 1.8906, 1.0, 9.9178, -14.1352, 68.4001, 1.0, -0.0705, 2.1074, 1.0, 10.0]
t: 14
inverse_costs_future: 13.3168
baseline_inverse_costs_future: 18.904
params_future: [-16.5343, 74.3114, 0.0911, 1.0, 0.4622, 1.3924, 1.0, 10.0, -16.2172, 74.5566, 0.1867, 1.0, 0.4999, 1.3743, 1.0, 10.0, -25.9437, 63.9185, 0.0662, 1.0, 0.3932, 1.5453, 1.0, 9.9763, -14.1732, 68.0836, 0.6059, 1.0, -0.4524, 1.5294, 1.0, 10.0]
baseline_params_future: [-16.77, 74.0393, 1.0, -0.018, 1.8294, 1.0, 10.0, -16.3446, 74.3129, 1.0, 0.0119, 1.7022, 1.0, 10.0, -25.9323, 64.1028, 1.0, -0.1162, 2.1565, 1.0, 9.918, -14.1375, 68.3822, 1.0, -0.0288, 2.0894, 1.0, 10.0]
t: 15
inverse_costs_future: 10.0152
baseline_inverse_costs_future: 107.2301
params_future: [-16.551, 74.3251, 0.0881, 1.0, 0.4695, 1.3861, 1.0, 10.0, -16.2183, 74.5646, 0.1561, 1.0, 0.4902, 1.3737, 1.0, 10.0, -25.8791, 63.9683, 0.0886, 1.0, 0.3226, 1.5218, 1.0, 9.9837, -14.1763, 68.0616, -0.5889, 1.0, 0.8636, 1.3253, 1.0, 10.0]
baseline_params_future: [-16.3691, 74.5037, 1.0, 1.0065, 0.9936, 1.0, 10.0, -16.0882, 74.7472, 1.0, 1.0039, 0.9966, 1.0, 10.0, -25.9816, 63.8132, 1.0, 1.0011, 1.0005, 1.0, 9.9998, -14.2044, 67.8248, 1.0, 1.0015, 0.9985, 1.0, 10.0]
t: 16
inverse_costs_future: 119.6656
baseline_inverse_costs_future: 63.2418
params_future: [-16.3877, 74.4564, 0.9671, 1.0, 0.954, 1.0462, 1.0, 10.0, -16.1055, 74.7021, 0.9595, 1.0, 0.9515, 1.0491, 1.0, 10.0, -25.9818, 63.8129, 1.0135, 1.0, 1.0057, 0.9966, 1.0, 9.9998, -14.2013, 67.8502, 0.9515, 1.0, 0.9499, 1.0501, 1.0, 10.0]
baseline_params_future: [-16.3712, 74.5041, 1.0, 1.0051, 0.9953, 1.0, 10.0, -16.0882, 74.7479, 1.0, 1.0072, 0.9934, 1.0, 10.0, -25.9815, 63.8132, 1.0, 1.0, 1.0007, 1.0, 10.0, -14.2042, 67.8284, 1.0, 0.9872, 1.0129, 1.0, 10.0]
t: 17
inverse_costs_future: 62.2038
baseline_inverse_costs_future: 110.1651
params_future: [-16.3737, 74.5039, 1.0122, 1.0, 1.0019, 0.9985, 1.0, 10.0, -16.089, 74.7472, 1.0148, 1.0, 1.0026, 0.998, 1.0, 10.0, -25.9815, 63.8132, 0.9998, 1.0, 1.0003, 1.0, 1.0, 10.0, -14.2046, 67.8243, 1.0064, 1.0, 1.0013, 0.9987, 1.0, 10.0]
baseline_params_future: [-16.373, 74.5049, 1.0, 1.0052, 0.9952, 1.0, 10.0, -16.0899, 74.7486, 1.0, 1.0063, 0.9941, 1.0, 10.0, -25.9815, 63.8132, 1.0, 1.0, 0.9999, 1.0, 10.0, -14.2046, 67.8241, 1.0, 1.0024, 0.9977, 1.0, 10.0]
t: 18
inverse_costs_future: 55.0363
baseline_inverse_costs_future: 125.7591
params_future: [-16.3664, 74.5026, 1.0193, 1.0, 1.004, 0.9962, 1.0, 10.0, -16.0826, 74.7464, 1.0302, 1.0, 1.0069, 0.9936, 1.0, 10.0, -25.9816, 63.8131, 1.0014, 1.0, 1.0011, 1.0002, 1.0, 9.9999, -14.2046, 67.8252, 1.0014, 1.0, 0.998, 1.002, 1.0, 10.0]
baseline_params_future: [-16.3657, 74.501, 1.0, 1.001, 0.9991, 1.0, 10.0, -16.0858, 74.7445, 1.0, 1.0023, 0.9982, 1.0, 10.0, -25.9818, 63.8134, 1.0, 1.0025, 1.0013, 1.0, 9.9996, -14.2041, 67.8282, 1.0, 0.9878, 1.0123, 1.0, 10.0]
t: 10
inverse_costs_future: 663.7791
baseline_inverse_costs_future: 51.2093
params_future: [-16.4989, 74.2824, 0.3562, 1.0, 0.5145, 1.3896, 1.0, 10.0, -16.2088, 74.5261, 0.4048, 1.0, 0.537, 1.3821, 1.0, 10.0, -26.0428, 63.9922, 2.1333, 1.0, 0.4382, 1.3484, 1.0, 10.0001, -14.168, 68.1279, 0.4781, 1.0, -0.3499, 1.5889, 1.0, 10.0002]
baseline_params_future: [-16.6005, 73.9631, 1.0, 0.0388, 1.7746, 1.0, 10.0, -16.3103, 74.2263, 1.0, 0.5284, 1.757, 1.0, 10.0, -27.1845, 68.6807, 1.0, 5.341, 2.1693, 1.0, 8.2845, -14.1154, 68.5657, 1.0, -0.1019, 2.9387, 1.0, 10.0003]
t: 11
inverse_costs_future: 16.2816
baseline_inverse_costs_future: 13.2021
params_future: [-16.5034, 74.2846, 0.2378, 1.0, 0.4806, 1.3984, 1.0, 10.0, -16.2122, 74.5339, 0.3409, 1.0, 0.5236, 1.3801, 1.0, 10.0, -25.916, 63.9328, 0.1147, 1.0, 0.1441, 1.5754, 1.0, 9.9801, -14.1692, 68.1175, 0.4579, 1.0, -0.3094, 1.5878, 1.0, 10.0]
baseline_params_future: [-16.6163, 73.9823, 1.0, -0.0105, 1.76, 1.0, 10.0, -16.3218, 74.2302, 1.0, 0.0284, 1.7403, 1.0, 10.0, -25.751, 64.2874, 1.0, -0.2351, 4.3657, 1.0, 9.4967, -14.1304, 68.4407, 1.0, -0.0501, 2.1252, 1.0, 10.0001]
t: 12
inverse_costs_future: 74.3458
baseline_inverse_costs_future: 82.0818
params_future: [-16.3808, 74.4517, 0.9653, 1.0, 0.9542, 1.0459, 1.0, 10.0, -16.1086, 74.6978, 0.9785, 1.0, 0.9528, 1.05, 1.0, 10.0, -25.9818, 63.8132, 1.0023, 1.0, 1.0029, 1.0006, 1.0, 9.9997, -14.2013, 67.8512, 0.9513, 1.0, 0.9499, 1.0501, 1.0, 10.0]
baseline_params_future: [-16.3595, 74.4969, 1.0, 0.9966, 1.0034, 1.0, 10.0, -16.0833, 74.7378, 1.0, 0.9892, 1.0112, 1.0, 10.0, -25.9825, 63.8144, 1.0, 1.004, 1.0094, 1.0, 9.9986, -14.2042, 67.8284, 1.0, 0.9873, 1.0127, 1.0, 10.0]
t: 13
inverse_costs_future: 8.8283
baseline_inverse_costs_future: 11.0281
params_future: [-16.5219, 74.2992, 0.1142, 1.0, 0.463, 1.3947, 1.0, 10.0, -16.216, 74.5516, 0.2301, 1.0, 0.5106, 1.3739, 1.0, 10.0, -25.8883, 63.9486, 0.0727, 1.0, 0.3693, 1.4155, 1.0, 9.9524, -14.1724, 68.0913, 0.5763, 1.0, -0.41, 1.5507, 1.0, 10.0]
baseline_params_future: [-16.6975, 74.0197, 1.0, -0.0161, 1.8034, 1.0, 10.0, -16.3274, 74.2884, 1.0, -0.0041, 1.705, 1.0, 10.0, -25.9005, 63.924, 1.0, -0.064, 1.8906, 1.0, 9.9178, -14.1352, 68.4001, 1.0, -0.0705, 2.1074, 1.0, 10.0]
t: 14
inverse_costs_future: 13.3168
baseline_inverse_costs_future: 18.904
params_future: [-16.5343, 74.3114, 0.0911, 1.0, 0.4622, 1.3924, 1.0, 10.0, -16.2172, 74.5566, 0.1867, 1.0, 0.4999, 1.3743, 1.0, 10.0, -25.9437, 63.9185, 0.0662, 1.0, 0.3932, 1.5453, 1.0, 9.9763, -14.1732, 68.0836, 0.6059, 1.0, -0.4524, 1.5294, 1.0, 10.0]
baseline_params_future: [-16.77, 74.0393, 1.0, -0.018, 1.8294, 1.0, 10.0, -16.3446, 74.3129, 1.0, 0.0119, 1.7022, 1.0, 10.0, -25.9323, 64.1028, 1.0, -0.1162, 2.1565, 1.0, 9.918, -14.1375, 68.3822, 1.0, -0.0288, 2.0894, 1.0, 10.0]
t: 15
inverse_costs_future: 10.0152
baseline_inverse_costs_future: 107.2301
params_future: [-16.551, 74.3251, 0.0881, 1.0, 0.4695, 1.3861, 1.0, 10.0, -16.2183, 74.5646, 0.1561, 1.0, 0.4902, 1.3737, 1.0, 10.0, -25.8791, 63.9683, 0.0886, 1.0, 0.3226, 1.5218, 1.0, 9.9837, -14.1763, 68.0616, -0.5889, 1.0, 0.8636, 1.3253, 1.0, 10.0]
baseline_params_future: [-16.3691, 74.5037, 1.0, 1.0065, 0.9936, 1.0, 10.0, -16.0882, 74.7472, 1.0, 1.0039, 0.9966, 1.0, 10.0, -25.9816, 63.8132, 1.0, 1.0011, 1.0005, 1.0, 9.9998, -14.2044, 67.8248, 1.0, 1.0015, 0.9985, 1.0, 10.0]
t: 16
inverse_costs_future: 119.6656
baseline_inverse_costs_future: 63.2418
params_future: [-16.3877, 74.4564, 0.9671, 1.0, 0.954, 1.0462, 1.0, 10.0, -16.1055, 74.7021, 0.9595, 1.0, 0.9515, 1.0491, 1.0, 10.0, -25.9818, 63.8129, 1.0135, 1.0, 1.0057, 0.9966, 1.0, 9.9998, -14.2013, 67.8502, 0.9515, 1.0, 0.9499, 1.0501, 1.0, 10.0]
baseline_params_future: [-16.3712, 74.5041, 1.0, 1.0051, 0.9953, 1.0, 10.0, -16.0882, 74.7479, 1.0, 1.0072, 0.9934, 1.0, 10.0, -25.9815, 63.8132, 1.0, 1.0, 1.0007, 1.0, 10.0, -14.2042, 67.8284, 1.0, 0.9872, 1.0129, 1.0, 10.0]
t: 17
inverse_costs_future: 62.2038
baseline_inverse_costs_future: 110.1651
params_future: [-16.3737, 74.5039, 1.0122, 1.0, 1.0019, 0.9985, 1.0, 10.0, -16.089, 74.7472, 1.0148, 1.0, 1.0026, 0.998, 1.0, 10.0, -25.9815, 63.8132, 0.9998, 1.0, 1.0003, 1.0, 1.0, 10.0, -14.2046, 67.8243, 1.0064, 1.0, 1.0013, 0.9987, 1.0, 10.0]
baseline_params_future: [-16.373, 74.5049, 1.0, 1.0052, 0.9952, 1.0, 10.0, -16.0899, 74.7486, 1.0, 1.0063, 0.9941, 1.0, 10.0, -25.9815, 63.8132, 1.0, 1.0, 0.9999, 1.0, 10.0, -14.2046, 67.8241, 1.0, 1.0024, 0.9977, 1.0, 10.0]
t: 18
inverse_costs_future: 55.0363
baseline_inverse_costs_future: 125.7591
params_future: [-16.3664, 74.5026, 1.0193, 1.0, 1.004, 0.9962, 1.0, 10.0, -16.0826, 74.7464, 1.0302, 1.0, 1.0069, 0.9936, 1.0, 10.0, -25.9816, 63.8131, 1.0014, 1.0, 1.0011, 1.0002, 1.0, 9.9999, -14.2046, 67.8252, 1.0014, 1.0, 0.998, 1.002, 1.0, 10.0]
baseline_params_future: [-16.3657, 74.501, 1.0, 1.001, 0.9991, 1.0, 10.0, -16.0858, 74.7445, 1.0, 1.0023, 0.9982, 1.0, 10.0, -25.9818, 63.8134, 1.0, 1.0025, 1.0013, 1.0, 9.9996, -14.2041, 67.8282, 1.0, 0.9878, 1.0123, 1.0, 10.0]
