[-16.0106, 75.9387, 3.3395, 1.5261]
[-15.738, 76.3552, 3.4893, 1.8323]
[-20.2652, 60.442, 8.3681, 3.8539]
[-14.2825, 68.0144, 10.3312, 4.5926]
--------------------------------
[-15.9652, 76.7413, 2.1801, 1.416]
[-15.9403, 77.1877, 2.3015, 0.8908]
[-21.9208, 59.2539, 6.8968, 5.905]
[-14.576, 65.5774, 8.9294, 4.5958]
--------------------------------
[-15.881, 77.258, 1.2555, 1.375]
[-15.6794, 77.7189, 1.2409, 1.4055]
[-19.8643, 58.8926, 6.2857, 8.0164]
[-14.8228, 63.4791, 7.6462, 4.609]
--------------------------------
[-15.8202, 77.5522, 0.5506, 1.3778]
[-15.6728, 78.0286, 0.4704, 1.5172]
[-20.0805, 60.1963, 5.3624, 8.9378]
[-15.0361, 61.7102, 6.4977, 4.4527]
--------------------------------
[-15.793, 77.681, 0.0406, 1.381]
[-15.6872, 78.1432, -0.0715, 1.5797]
[-21.0832, 60.7371, 3.6914, 5.7888]
[-15.2325, 60.2308, 5.5179, 4.8237]
--------------------------------
[-15.7896, 77.6898, -0.3032, 1.383]
[-15.6936, 78.1255, -0.4301, 1.6113]
[-20.1976, 60.2586, 2.0531, 5.3749]
[-15.3534, 58.9447, 4.8227, 5.0074]
--------------------------------
[-15.8019, 77.6178, -0.5112, 1.3844]
[-15.6905, 78.0212, -0.6439, 1.6193]
[-19.8171, 59.8017, 0.5928, 5.4673]
[-15.5672, 57.3492, 4.1759, 1.4473]
--------------------------------
[-15.8237, 77.4967, -0.6153, 1.3852]
[-15.6824, 77.8653, -0.7497, 1.6183]
[-19.7111, 59.7317, -0.4228, 5.4565]
[-15.5709, 57.8708, 3.2894, 1.3203]
--------------------------------
[-15.8503, 77.3511, -0.6499, 1.3856]
[-15.6731, 77.6842, -0.7844, 1.6174]
[-19.8649, 59.5622, -0.8792, 5.7576]
[-15.1566, 58.5078, 2.2106, 2.2451]
--------------------------------
[-15.8788, 77.1975, -0.6499, 1.3857]
[-15.6638, 77.495, -0.7845, 1.6182]
[-20.0939, 59.3845, -0.5679, 6.0127]
[-15.5553, 58.9258, 2.1011, 2.0712]
--------------------------------
