[-18.5555, 70.3566, 1.307, 1.5199]
[-17.6738, 70.8383, 1.4118, 1.2032]
[-14.8555, 69.5817, 2.9182, 4.2965]
[-12.6771, 81.7594, 2.622, 4.6694]
--------------------------------
[-18.5396, 70.6699, 1.3091, 1.5173]
[-17.5521, 71.1545, 1.4179, 1.203]
[-15.1385, 68.941, 2.9203, 4.1587]
[-12.7042, 81.1307, 2.5094, 4.596]
--------------------------------
[-18.5228, 70.9836, 1.3111, 1.5147]
[-17.4297, 71.4721, 1.4234, 1.2028]
[-15.507, 68.3449, 2.9218, 4.0066]
[-12.7741, 80.5326, 2.4045, 4.5908]
--------------------------------
[-18.5051, 71.2978, 1.3128, 1.5121]
[-17.3068, 71.7908, 1.4282, 1.2026]
[-15.9619, 67.8112, 2.9237, 3.8281]
[-12.8441, 79.9597, 2.3084, 4.5923]
--------------------------------
[-18.4866, 71.6123, 1.3144, 1.5095]
[-17.1834, 72.1106, 1.4323, 1.2024]
[-16.5046, 67.3664, 2.9266, 3.6337]
[-12.9105, 79.4097, 2.2227, 4.5926]
--------------------------------
[-18.4673, 71.9272, 1.3157, 1.5068]
[-17.0596, 72.4313, 1.4358, 1.2022]
[-17.1236, 67.0346, 2.9248, 4.3361]
[-12.9742, 78.8801, 2.1496, 4.5926]
--------------------------------
[-18.4471, 72.2423, 1.3169, 1.5042]
[-16.9355, 72.7528, 1.4385, 1.2021]
[-17.3816, 66.3817, 2.9296, 3.871]
[-13.0359, 78.3679, 2.0922, 4.5925]
--------------------------------
[-18.4261, 72.5577, 1.3178, 1.5017]
[-16.8111, 73.0748, 1.4405, 1.2019]
[-17.9058, 65.9132, 2.9324, 3.7563]
[-13.096, 77.8694, 2.0536, 4.5925]
--------------------------------
[-18.4043, 72.8732, 1.3185, 1.4996]
[-16.6864, 73.3973, 1.4415, 1.2018]
[-18.4807, 65.5073, 2.9315, 4.4601]
[-13.1549, 77.38, 2.036, 4.5925]
--------------------------------
[-18.3818, 73.1888, 1.3185, 1.4996]
[-16.5616, 73.7199, 1.4415, 1.2018]
[-18.6564, 64.826, 2.9302, 4.4386]
[-13.2133, 76.8949, 2.036, 4.5925]
--------------------------------
