[-18.5304, 70.6982, 1.3617, 1.4663]
[-17.5652, 71.1358, 1.3504, 1.1928]
[-15.2209, 68.9358, 3.0242, 4.1623]
[-12.7412, 81.1672, 2.4183, 4.6632]
--------------------------------
[-18.4963, 71.0232, 1.3632, 1.4642]
[-17.4456, 71.437, 1.3544, 1.1929]
[-15.6003, 68.317, 3.0283, 3.943]
[-12.7698, 80.5876, 2.2775, 4.5969]
--------------------------------
[-18.4615, 71.3485, 1.3646, 1.4622]
[-17.3257, 71.7391, 1.358, 1.1929]
[-16.1059, 67.795, 3.0333, 3.7286]
[-12.8328, 80.0446, 2.1467, 4.5905]
--------------------------------
[-18.426, 71.6741, 1.3659, 1.4602]
[-17.2054, 72.0421, 1.3612, 1.1929]
[-16.7121, 67.3917, 3.0392, 3.6121]
[-12.8954, 79.5332, 2.0273, 4.5921]
--------------------------------
[-18.3898, 71.9999, 1.3669, 1.4582]
[-17.0849, 72.3457, 1.3638, 1.1929]
[-17.3622, 67.0611, 3.0416, 3.6589]
[-12.9538, 79.0502, 1.9215, 4.5926]
--------------------------------
[-18.3529, 72.3259, 1.3678, 1.4561]
[-16.9641, 72.6499, 1.3661, 1.1929]
[-17.9967, 66.7001, 3.0437, 4.3888]
[-13.0089, 78.5923, 1.8323, 4.5926]
--------------------------------
[-18.3154, 72.652, 1.3685, 1.4541]
[-16.8431, 72.9546, 1.3678, 1.1929]
[-18.229, 66.0075, 3.0467, 4.2181]
[-13.0615, 78.1557, 1.763, 4.5925]
--------------------------------
[-18.2771, 72.9782, 1.3691, 1.4522]
[-16.722, 73.2598, 1.3691, 1.1929]
[-18.5759, 65.3639, 3.0526, 4.1767]
[-13.1121, 77.7356, 1.7174, 4.5925]
--------------------------------
[-18.2382, 73.3045, 1.3695, 1.4505]
[-16.6008, 73.5652, 1.3698, 1.193]
[-18.9498, 64.7339, 3.0767, 4.3195]
[-13.1613, 77.3264, 1.6969, 4.5925]
--------------------------------
[-18.1988, 73.6308, 1.3688, 1.4518]
[-16.4795, 73.8707, 1.3698, 1.193]
[-19.2326, 64.0518, 3.0749, 4.2893]
[-13.21, 76.9221, 1.6969, 4.5925]
--------------------------------
