[-15.9553, 76.2405, 3.3678, 0.7586]
[-15.6809, 76.592, 3.465, 0.563]
[-16.7436, 68.6602, 6.2005, 7.5808]
[-14.3137, 67.7555, 10.2527, 4.5953]
--------------------------------
[-15.2959, 76.8971, 2.3209, 1.2913]
[-14.8653, 77.2383, 2.4256, 1.2401]
[-16.58, 69.8711, 4.6448, 7.4292]
[-14.5818, 65.4759, 8.5286, 4.5891]
--------------------------------
[-15.1586, 77.3718, 1.5556, 1.2704]
[-14.6599, 77.7325, 1.6629, 1.8031]
[-16.1152, 70.5408, 3.5124, 7.4513]
[-14.8136, 63.6063, 6.9709, 4.5925]
--------------------------------
[-15.0619, 77.6732, 1.017, 1.6323]
[-14.8108, 78.0974, 1.127, 2.2321]
[-15.8255, 71.0454, 3.0304, 7.5797]
[-14.9951, 62.0961, 5.5639, 4.5925]
--------------------------------
[-15.0923, 77.8771, 0.6524, 1.9622]
[-15.095, 78.3357, 0.7593, 1.7966]
[-15.694, 71.5897, 3.2258, 6.5303]
[-15.1382, 60.9064, 4.2888, 4.5922]
--------------------------------
[-15.1753, 78.0037, 0.42, 1.9344]
[-15.1833, 78.4936, 0.5276, 1.431]
[-14.4839, 71.7441, 3.6427, 7.2749]
[-15.2468, 60.0027, 3.2326, 4.5923]
--------------------------------
[-15.2342, 78.0836, 0.2881, 1.9227]
[-15.137, 78.5915, 0.3763, 1.0586]
[-14.0486, 72.5289, 4.1338, 7.8492]
[-15.3275, 59.3302, 2.6275, 4.5922]
--------------------------------
[-15.282, 78.1404, 0.225, 1.9191]
[-14.977, 78.651, 0.3178, 0.9744]
[-13.8414, 73.5808, 4.3666, 7.6154]
[-15.3935, 58.7797, 2.341, 4.5921]
--------------------------------
[-15.326, 78.1907, 0.1958, 1.9188]
[-14.7562, 78.7099, 0.2997, 0.9349]
[-13.6195, 74.6438, 4.6622, 7.6266]
[-15.454, 58.2736, 2.2331, 4.6017]
--------------------------------
[-15.3699, 78.2425, 0.2118, 1.9188]
[-14.5132, 78.7767, 0.3159, 0.9412]
[-13.4327, 75.7258, 4.6818, 7.6222]
[-15.513, 57.7689, 2.2667, 4.6033]
--------------------------------
