[-18.353, 69.5041, 1.3138, 1.5971]
[-17.8891, 69.8307, 1.5945, 1.2228]
[-14.1313, 71.5318, 2.5686, 4.3185]
[-12.4539, 83.7885, 3.1505, 4.6847]
--------------------------------
[-18.3613, 69.8193, 1.3306, 1.5783]
[-17.7586, 70.1904, 1.6169, 1.2231]
[-14.3679, 70.9625, 2.5724, 4.3141]
[-12.4748, 83.0327, 3.0944, 4.5948]
--------------------------------
[-18.3637, 70.1387, 1.346, 1.5596]
[-17.6264, 70.5552, 1.6369, 1.2234]
[-14.6074, 70.3934, 2.576, 4.3264]
[-12.5619, 82.2952, 3.0418, 4.5912]
--------------------------------
[-18.3601, 70.4617, 1.3601, 1.541]
[-17.4926, 70.9246, 1.6544, 1.2237]
[-14.8401, 69.8207, 2.5796, 4.2969]
[-12.6502, 81.5705, 2.9928, 4.5925]
--------------------------------
[-18.3503, 70.788, 1.3728, 1.5229]
[-17.3576, 71.298, 1.6693, 1.224]
[-15.09, 69.2543, 2.5827, 4.2186]
[-12.7361, 80.8574, 2.948, 4.5926]
--------------------------------
[-18.3346, 71.1171, 1.3839, 1.5054]
[-17.2214, 71.6748, 1.6816, 1.2242]
[-15.3838, 68.7085, 2.585, 4.0966]
[-12.8207, 80.1549, 2.9085, 4.5925]
--------------------------------
[-18.3129, 71.4485, 1.3931, 1.4894]
[-17.0843, 72.0544, 1.6911, 1.2244]
[-15.7422, 68.202, 2.5869, 3.9362]
[-12.9042, 79.4619, 2.8757, 4.5925]
--------------------------------
[-18.2857, 71.7817, 1.4, 1.4762]
[-16.9465, 72.4361, 1.6975, 1.2246]
[-16.1771, 67.759, 2.59, 3.7602]
[-12.9867, 78.7767, 2.852, 4.5925]
--------------------------------
[-18.2539, 72.1162, 1.4037, 1.4685]
[-16.8082, 72.8194, 1.7006, 1.2247]
[-16.6835, 67.3985, 2.5939, 3.6423]
[-13.0685, 78.0971, 2.8401, 4.5925]
--------------------------------
[-18.2195, 72.4513, 1.4037, 1.4685]
[-16.6698, 73.2033, 1.7006, 1.2247]
[-17.2296, 67.0997, 2.5939, 3.6424]
[-13.15, 77.4204, 2.8401, 4.5925]
--------------------------------
