[-15.7833, 76.1715, 3.5764, 0.3808]
[-15.5314, 76.6237, 3.5494, 0.2048]
[-18.7948, 63.0774, 4.3768, 3.4935]
[-14.3287, 67.6388, 10.8678, 4.593]
--------------------------------
[-14.9464, 76.5642, 2.4695, -0.5045]
[-14.6904, 76.8067, 2.4035, -0.5779]
[-19.8015, 62.7113, 3.8906, 3.1233]
[-14.6395, 65.049, 9.6215, 4.5921]
--------------------------------
[-14.3415, 76.3601, 1.4821, -0.3462]
[-14.1754, 76.5139, 1.3574, -0.0031]
[-20.76, 62.7341, 3.3531, 2.2407]
[-14.9159, 62.7563, 8.3884, 4.5939]
--------------------------------
[-13.9457, 76.3169, 0.6665, -0.01]
[-13.7377, 76.5557, 0.5497, -0.1092]
[-21.2646, 63.3688, 2.8384, 1.6459]
[-15.1562, 60.758, 7.1673, 4.5906]
--------------------------------
[-13.7832, 76.382, 0.0507, 0.0744]
[-13.5826, 76.6094, -0.0691, -0.0475]
[-21.3352, 64.0463, 2.4469, 1.9829]
[-15.3617, 59.0502, 5.9574, 4.5921]
--------------------------------
[-13.7947, 76.4477, -0.3742, 0.0038]
[-13.6061, 76.6782, -0.4484, -0.0125]
[-21.5643, 64.5947, 2.1363, 1.7737]
[-15.5345, 57.6277, 4.763, 4.5919]
--------------------------------
[-13.9218, 76.5227, -0.6277, -0.0727]
[-13.7474, 76.7462, -0.6217, 0.1364]
[-21.66, 65.0954, 1.9212, 1.8082]
[-15.6711, 56.4876, 3.6598, 4.616]
--------------------------------
[-14.1311, 76.6342, -0.7512, 0.0217]
[-13.951, 76.7828, -0.7205, -0.0955]
[-21.7524, 65.5457, 1.7947, 1.7977]
[-15.7733, 55.6153, 3.0987, 4.5555]
--------------------------------
[-14.386, 76.7321, -0.7917, 0.0617]
[-14.1816, 76.8487, -0.753, -0.0422]
[-21.8326, 65.9676, 1.7429, 1.7865]
[-15.8656, 54.8766, 2.9086, 4.5592]
--------------------------------
[-14.656, 76.8212, -0.7931, 0.0624]
[-14.4208, 76.8986, -0.7524, -0.0421]
[-21.9075, 66.3781, 1.7405, 1.7857]
[-15.9485, 54.1827, 2.9085, 4.5908]
--------------------------------
