[-18.3461, 71.3623, 1.4183, 1.3436]
[-17.3268, 71.6761, 1.2325, 1.1738]
[-16.176, 67.6874, 3.2295, 3.5943]
[-12.8609, 80.0411, 2.3916, 4.6363]
--------------------------------
[-18.2695, 71.694, 1.4202, 1.3414]
[-17.2124, 71.9489, 1.235, 1.1739]
[-16.873, 67.3484, 3.2318, 3.5821]
[-12.9045, 79.4688, 2.39, 4.5874]
--------------------------------
[-18.192, 72.0259, 1.4218, 1.3392]
[-17.0978, 72.2223, 1.2372, 1.1741]
[-17.5746, 67.0177, 3.2315, 3.9208]
[-12.976, 78.8997, 2.3884, 4.6008]
--------------------------------
[-18.1136, 72.358, 1.4232, 1.337]
[-16.9831, 72.4961, 1.2391, 1.1743]
[-18.1264, 66.4727, 3.2324, 4.2098]
[-13.0398, 78.33, 2.387, 4.5901]
--------------------------------
[-18.0345, 72.6903, 1.4243, 1.3347]
[-16.8682, 72.7704, 1.2406, 1.1745]
[-18.5001, 65.7929, 3.2333, 4.2975]
[-13.1097, 77.7614, 2.3856, 4.5944]
--------------------------------
[-17.9545, 73.0227, 1.4252, 1.3325]
[-16.7533, 73.0451, 1.2419, 1.1746]
[-18.8129, 65.0827, 3.234, 4.2865]
[-13.1771, 77.1929, 2.3844, 4.5918]
--------------------------------
[-17.8738, 73.355, 1.4258, 1.3303]
[-16.6383, 73.3201, 1.2429, 1.1748]
[-19.1336, 64.3759, 3.2343, 4.2392]
[-13.2459, 76.6248, 2.3829, 4.593]
--------------------------------
[-17.7923, 73.6874, 1.4262, 1.3282]
[-16.5232, 73.5953, 1.2435, 1.175]
[-19.4873, 63.685, 3.2337, 4.1488]
[-13.314, 76.0569, 2.3824, 4.5923]
--------------------------------
[-17.7101, 74.0197, 1.4264, 1.3265]
[-16.4081, 73.8707, 1.2438, 1.1751]
[-19.9019, 63.0289, 3.2307, 3.9944]
[-13.3825, 75.4893, 2.3804, 4.5927]
--------------------------------
[-17.6273, 74.3518, 1.4263, 1.3269]
[-16.2931, 74.1461, 1.2438, 1.1751]
[-20.412, 62.4449, 3.2307, 3.9948]
[-13.4507, 74.9221, 2.3804, 4.5927]
--------------------------------
