[-18.4558, 71.0334, 1.3972, 1.4065]
[-17.4471, 71.4127, 1.2882, 1.1825]
[-15.6598, 68.2981, 3.1279, 3.943]
[-12.8012, 80.6035, 2.2964, 4.6524]
--------------------------------
[-18.4009, 71.3643, 1.3985, 1.4049]
[-17.33, 71.6989, 1.291, 1.1826]
[-16.182, 67.7588, 3.1308, 3.6549]
[-12.8343, 80.0533, 2.1595, 4.5973]
--------------------------------
[-18.3455, 71.6953, 1.3997, 1.4032]
[-17.2127, 71.9857, 1.2935, 1.1827]
[-16.8366, 67.3899, 3.1336, 3.6063]
[-12.8938, 79.5385, 2.0322, 4.5906]
--------------------------------
[-18.2895, 72.0265, 1.4007, 1.4016]
[-17.0953, 72.273, 1.2956, 1.1829]
[-17.5089, 67.0528, 3.1335, 3.8481]
[-12.953, 79.0544, 1.9161, 4.592]
--------------------------------
[-18.2329, 72.3579, 1.4015, 1.3999]
[-16.9776, 72.5609, 1.2974, 1.183]
[-18.0809, 66.5646, 3.1344, 4.169]
[-13.0083, 78.5978, 1.8133, 4.5926]
--------------------------------
[-18.1757, 72.6893, 1.4022, 1.3983]
[-16.8599, 72.8491, 1.2989, 1.1831]
[-18.4698, 65.9206, 3.1357, 4.3011]
[-13.0603, 78.1657, 1.7267, 4.5926]
--------------------------------
[-18.1179, 73.0208, 1.4027, 1.3966]
[-16.742, 73.1377, 1.3, 1.1832]
[-18.7707, 65.2308, 3.1365, 4.3091]
[-13.1098, 77.7543, 1.6597, 4.5926]
--------------------------------
[-18.0595, 73.3524, 1.4031, 1.395]
[-16.6241, 73.4266, 1.3008, 1.1833]
[-19.0661, 64.5385, 3.1372, 4.2644]
[-13.1574, 77.3588, 1.6156, 4.5925]
--------------------------------
[-18.0007, 73.684, 1.4031, 1.3946]
[-16.5061, 73.7156, 1.3013, 1.1834]
[-19.3923, 63.8598, 3.1376, 4.2005]
[-13.2038, 76.9739, 1.5959, 4.5925]
--------------------------------
[-17.9416, 74.0155, 1.4027, 1.3958]
[-16.3882, 74.0048, 1.3013, 1.1834]
[-19.7611, 63.2034, 3.1376, 4.2014]
[-13.2496, 76.5936, 1.5959, 4.5925]
--------------------------------
