[-17.5328, 69.5853, 1.4733, 1.3274]
[-16.7696, 70.0551, 1.7367, 1.3139]
[-15.3547, 68.4801, 3.6564, 3.9492]
[-12.6752, 81.3634, 4.1941, 4.5925]
--------------------------------
[-17.4476, 69.9284, 1.4808, 1.3282]
[-16.6636, 70.4582, 1.7499, 1.3254]
[-15.9613, 67.8459, 3.6583, 3.655]
[-12.7955, 80.364, 4.1536, 4.5925]
--------------------------------
[-17.3622, 70.2734, 1.4877, 1.329]
[-16.5616, 70.8656, 1.7614, 1.3364]
[-16.7261, 67.4147, 3.6604, 3.5984]
[-12.9147, 79.3743, 4.1173, 4.5925]
--------------------------------
[-17.2767, 70.6201, 1.4938, 1.3298]
[-16.4634, 71.2768, 1.7711, 1.3468]
[-17.5145, 67.0272, 3.6603, 3.8674]
[-13.0329, 78.3933, 4.0854, 4.5925]
--------------------------------
[-17.1912, 70.9683, 1.4993, 1.3306]
[-16.369, 71.6912, 1.7791, 1.3567]
[-18.1716, 66.4442, 3.6609, 4.1938]
[-13.1501, 77.4198, 4.0578, 4.5925]
--------------------------------
[-17.1056, 71.3178, 1.504, 1.3314]
[-16.2783, 72.1085, 1.7854, 1.366]
[-18.607, 65.6811, 3.6617, 4.3124]
[-13.2665, 76.4529, 4.035, 4.5925]
--------------------------------
[-17.02, 71.6684, 1.5079, 1.3321]
[-16.1912, 72.528, 1.7899, 1.3745]
[-18.9493, 64.8716, 3.6622, 4.2992]
[-13.3823, 75.4915, 4.0173, 4.5925]
--------------------------------
[-16.9344, 72.0201, 1.511, 1.3328]
[-16.1074, 72.9494, 1.7927, 1.3814]
[-19.3022, 64.0667, 3.6624, 4.2209]
[-13.4976, 74.5342, 4.0054, 4.5925]
--------------------------------
[-16.8489, 72.3725, 1.5128, 1.3332]
[-16.0264, 73.3719, 1.7939, 1.3855]
[-19.717, 63.2917, 3.6619, 4.0911]
[-13.6125, 73.5798, 3.9998, 4.5925]
--------------------------------
[-16.7635, 72.7253, 1.5128, 1.3332]
[-15.947, 73.7951, 1.7939, 1.3855]
[-20.2286, 62.5771, 3.6619, 4.0926]
[-13.7273, 72.6267, 3.9998, 4.5925]
--------------------------------
