b0.0 56.9093 56.9093 56.9093 56.9093 56.9093 56.9093 56.9093 56.9093 56.9093 56.9093 56.9093 56.9093 56.9093 56.9093 56.9093 56.9093 56.9093 56.9093 56.9093 56.9093 56.9093 56.9093 56.9093 56.9093 56.9093 56.9093 56.9093 56.9093 56.9093 56.9093 56.9093 56.9093 56.9093 56.9093 56.9093 56.9093 56.9093 56.9093 56.9093 56.9093 56.9093 56.9093 56.9093 56.9093 56.9093 56.9093 56.9093 56.9093 56.9093 56.9093
b0.002 40.2585 54.7262 98.2375 169.5446 70.9656 44.6232 40.7192 84.1804 88.0376 65.8152 62.1586 67.5629 78.9568 70.3544 93.1606 76.2557 48.7506 60.8754 83.8377 61.0841 90.4582 89.5385 61.553 102.4682 70.768 75.8379 66.399 62.2748 72.6764 66.5565 79.523 333.5978 66.7986 44.2147 70.199 51.5795 68.4152 69.2392 63.1336 70.0557 65.7335 82.0261 99.1552 60.9329 43.7994 56.2802 78.8644 76.1747 78.0909 63.2917
b0.004 38.1623 76.263 45.1314 50.9991 53.2337 102.1514 93.1413 61.3208 68.1688 69.8699 64.7762 69.495 76.3051 87.3974 63.4076 45.5303 61.6345 77.1978 62.7446 55.2587 58.3603 43.2094 53.5585 59.5072 84.1481 56.7627 72.7256 68.3979 129.2849 67.2767 73.1291 50.9487 81.1621 44.8195 96.6282 77.7793 60.612 66.57 78.338 79.7017 52.7853 71.5501 51.4038 86.3151 45.8425 47.5106 96.0928 83.5769 880.2528 77.5518
b0.006 74.251 90.4513 86.1466 77.2794 83.0714 101.8872 75.6467 51.2756 44.3884 103.5031 43.9807 92.6861 49.3366 73.8958 59.3477 55.256 52.8073 51.8909 60.4975 47.9075 54.5703 53.562 96.9018 84.2729 74.5841 96.2776 70.3466 43.7255 74.6925 59.4586 87.1608 101.0435 79.1511 56.0785 50.7223 89.4973 38.6463 87.2909 162.7111 70.5469 91.0822 79.097 75.7722 67.2239 73.8778 85.8044 76.4604 69.9105 75.2572 67.4267
b0.008 88.22 66.0188 34.7475 67.5683 82.2701 65.3649 49.3996 64.7055 92.7606 58.92 75.4281 70.1314 93.4449 67.9505 140.7564 50.9753 52.7048 77.1418 95.658 81.3427 180.8206 25.4177 85.4958 120.1692 95.8082 64.9021 36.5179 46.9451 86.0376 67.2756 24.5622 88.5229 73.4206 900.32 67.4238 77.9018 429.0771 23.1895 53.9126 74.4416 64.5648 81.7483 82.6603 62.6663 73.127 61.7191 88.7449 78.2274 55.2559 89.4624
b0.01 157.5304 52.2709 85.113 58.9986 43.5193 79.965 82.8156 66.3958 98.0423 75.1264 82.362 82.5439 51.1439 81.606 193.8923 47.7942 88.4521 53.0307 82.5245 72.873 90.1732 803.1346 96.8079 60.3479 51.2495 74.1019 77.0851 75.9107 84.268 69.9143 56.014 123.9916 57.5934 75.9765 41.6029 46.0339 88.4619 90.0825 67.8483 114.4585 58.4826 58.0587 50.6477 81.419 40.9143 84.7231 64.3179 54.5776 76.6893 117.9833
b0.012 78.5725 52.6898 53.1962 71.8756 49.448 61.7796 60.1469 74.9442 71.2294 101.2643 80.6576 47.9546 60.3465 50.3498 88.1507 54.2231 72.8169 83.037 64.5699 68.8323 110.6325 97.1585 88.7602 32.6479 85.2074 93.8745 112.4993 68.6725 65.7095 50.7255 69.036 61.6654 98.4615 52.5966 68.3428 43.4008 85.9337 80.6961 79.0923 85.9266 66.1321 49.6601 52.2938 84.5053 72.9603 77.0677 72.1836 74.2291 95.2909 89.2258
b0.014 54.6631 115.9321 67.7111 43.8306 79.8349 66.9758 80.8446 62.4113 72.9736 31.9441 70.0396 113.0155 49.3646 84.7825 69.6474 53.8726 78.25 84.4088 85.3603 84.6098 71.9527 86.4968 110.6371 63.0579 110.8553 81.0038 75.3288 92.9985 50.1365 84.5248 58.4057 49.9114 332.926 60.1739 70.1162 61.5813 99.2603 70.8406 50.9271 191.4552 81.1084 76.2068 31.33 155.1908 75.9652 50.7112 103.6416 127.4106 85.8629 61.5792
b0.016 36.268 72.7085 81.1833 88.3788 92.619 92.4377 70.1541 79.7496 66.5561 60.5908 62.4888 72.7838 84.5096 80.1355 48.0504 65.0126 65.3985 80.5414 56.2186 78.6951 80.5758 94.0831 65.9582 188.1975 80.4295 57.0805 39.6672 40.983 95.5142 48.0824 58.386 78.6814 49.864 77.8172 77.4444 78.5724 68.3523 82.1279 57.0398 77.5381 72.2171 68.3173 43.8171 74.9788 105.5401 100.8832 34.0284 50.8699 64.1235 72.1914
b0.018000000000000002 119.262 75.5218 63.6922 69.1529 82.756 30.7575 50.4132 71.0637 58.6334 73.5639 55.1823 85.0451 96.6272 54.7872 67.3938 86.7962 62.2004 120.3135 66.8882 81.5683 81.7546 97.6134 62.3228 95.7748 30.5782 108.8651 55.4388 77.1172 39.1024 88.8502 101.5297 80.2045 62.0623 63.1555 86.4685 78.1545 77.259 78.1312 91.8217 74.4165 77.0555 68.7407 81.687 35.5141 49.1996 109.9714 79.7986 66.0307 97.3547 78.9523
b0.02 44.4623 49.954 322.3975 43.4374 38.3822 81.6071 51.0197 45.8455 96.1372 97.0356 77.4942 53.4351 61.7414 32.8659 44.2167 71.8872 67.4087 97.1424 86.5291 79.8923 83.2779 95.8147 81.4982 66.2414 62.6397 117.7132 92.2854 96.5149 75.8414 43.0315 60.7988 67.2776 54.3873 90.0006 53.1075 31.4316 80.5557 84.1709 90.365 41.2079 99.6586 86.4795 74.0041 87.7557 64.0772 65.6034 100.6964 73.51 77.0809 102.4528
b0.022 88.2489 68.1962 51.8528 75.3372 92.5731 72.0146 52.2775 76.641 76.3079 120.1777 70.0099 69.7895 89.4998 69.3866 104.7001 56.4997 40.7042 83.079 113.4266 120.3904 71.7307 35.2988 86.4942 72.2314 74.8336 43.7041 25.8318 70.2665 66.4042 20.2805 56.8052 91.0376 66.883 77.6891 32.7678 76.2645 92.4984 71.4043 80.5669 75.9911 80.4501 98.505 84.3129 59.2532 55.0308 62.8963 35.694 83.2153 90.3415 75.0481
b0.024 82.245 145.3719 34.4496 62.672 51.061 71.205 90.4903 91.5921 77.1742 47.2173 84.287 84.9949 67.7572 80.3749 74.9033 85.4644 82.6889 84.6765 84.0277 93.1814 74.9934 72.3509 61.7845 79.4276 43.9695 257.4738 87.0532 83.7119 206.8698 94.4979 81.1349 70.6793 159.895 34.8939 30.5629 67.5119 94.2254 56.3166 57.7133 81.4751 91.6976 52.1009 38.4928 392.7224 44.2143 82.8924 76.5931 58.2301 68.321 84.6368
b0.026000000000000002 76.4557 97.3381 83.9951 74.6545 47.0534 83.0406 130.6037 52.3575 92.9747 106.0767 78.74 80.5345 64.3151 58.2795 87.0359 14.7477 53.2313 62.7713 101.4609 106.856 53.9169 44.1567 86.7346 79.3715 86.7339 90.5329 45.4359 74.7111 77.2298 120.0971 65.177 86.0499 84.087 101.9781 91.3408 43.6183 59.5199 86.73 59.4408 69.5454 99.737 43.0809 101.2502 75.4224 57.7573 54.5737 85.3297 53.6896 58.783 64.5631
b0.028 48.4218 74.138 777.5707 56.313 82.2184 95.3512 40.316 88.5014 69.6896 85.8624 48.5851 74.1669 90.6937 95.8523 94.003 58.2329 97.499 91.9801 53.1533 135.637 88.4949 43.2351 90.5822 52.5742 36.1045 87.8487 92.9745 80.4817 58.5401 72.4243 69.1182 60.1574 15.2491 103.481 80.1627 53.9711 74.7819 59.8314 86.2285 83.0637 75.9111 61.413 86.804 56.6229 84.8483 72.7334 89.2674 48.7006 96.7119 151.0709
b0.03 79.283 44.4383 49.2766 85.2126 79.8822 72.0524 66.3951 86.3903 64.4629 87.6492 92.9935 43.0921 165.9555 85.7398 78.565 97.5127 74.6927 98.1722 51.8489 82.3075 82.9407 85.0805 54.9451 82.4505 78.2745 86.9774 58.0186 84.2018 92.2078 56.8569 89.801 800.692 56.8293 73.7158 44.6404 88.0218 289.8413 74.6366 78.004 72.5547 46.7342 96.7575 12.283 76.642 75.9852 61.4562 62.4617 169.8891 51.9244 93.5013
b0.032 71.1386 73.5336 87.1922 83.3032 49.8637 88.7539 74.7757 64.5617 84.619 89.606 79.3296 57.1934 50.3094 80.9598 78.4727 57.3086 89.6253 76.2437 76.1361 85.6785 44.2447 81.7191 82.7659 74.5149 78.1226 95.0365 85.8764 89.8142 99.5868 93.8322 100.6752 56.1464 64.7271 59.6005 78.8765 50.3452 52.1593 107.452 91.0776 80.5877 86.1554 78.9174 65.5803 34.3512 56.6142 51.2061 52.7521 50.8882 74.2114 81.4529
b0.034 80.0889 88.0649 87.5679 81.911 43.221 71.1814 89.2417 97.0374 74.0903 67.0855 61.5808 85.3087 84.0244 93.7683 73.8684 23.8317 64.5839 44.2163 88.6837 65.7774 68.7081 66.5818 82.9101 117.0739 83.2953 79.9167 52.4508 70.107 76.7187 78.6308 80.6133 75.317 54.7581 45.5242 51.4666 66.1228 90.8815 62.4345 47.4774 65.2215 67.2692 40.9823 59.2295 37.2968 75.9264 95.3776 87.101 50.8179 115.9211 59.0907
b0.036000000000000004 55.3615 99.9981 82.5904 91.6313 47.8765 52.9124 76.4508 81.6379 84.5512 66.0661 54.6043 80.9782 79.019 46.0377 76.6117 83.3596 92.6847 57.8331 77.8952 81.0532 50.9491 77.5348 81.9212 91.7908 80.6226 91.4524 114.7941 52.3734 73.3437 37.9571 72.8551 50.4866 86.2292 99.3449 49.6293 77.4008 30.7473 100.9724 76.6732 77.8671 51.7438 49.7489 70.5956 72.1898 68.2295 105.3235 86.585 60.6233 79.8933 80.414
b0.038 70.894 82.4069 66.2508 60.2747 79.3663 88.0817 44.2186 82.8173 61.9865 60.476 94.8124 43.6015 78.6614 83.6596 81.8808 86.4382 71.474 124.3793 80.7181 82.7791 88.4413 81.0229 82.0204 75.1987 82.8044 60.0196 70.3805 95.2076 96.7401 71.0456 55.6431 62.158 73.4816 50.117 78.0069 82.3471 88.1668 58.4276 79.8678 52.5137 58.4122 82.5911 392.3829 89.7053 89.8612 77.4697 103.756 81.4758 77.0621 31.4515
b0.04 33.485 52.1832 90.237 65.6786 61.3359 71.7802 75.2173 37.9939 65.0781 43.8255 57.9311 81.9172 67.1342 111.7531 52.7808 65.3536 81.5135 673.1729 87.6552 71.1195 45.3246 86.8153 49.448 84.2094 83.195 88.4475 59.0243 40.6541 99.5735 84.1644 120.7052 84.3811 105.8227 77.0204 43.894 106.2332 60.0449 57.9945 72.0691 43.8299 54.5097 79.1693 81.5333 57.3738 94.1047 97.7062 51.7639 109.1865 85.7337 62.5889
b0.042 94.9359 69.196 96.0581 72.113 51.7217 73.1651 85.1433 76.5638 68.1334 91.798 69.423 60.6986 46.6525 71.0334 80.3326 394.1706 74.4368 60.5731 80.5595 72.9819 74.2649 68.3939 52.5073 48.2051 67.63 64.8847 79.8017 90.7012 80.3155 55.0328 80.2983 81.8376 89.0333 72.8042 72.0552 46.7326 65.1692 48.5969 85.7959 117.0293 68.966 62.4292 80.6302 69.9398 99.7569 79.8302 80.4802 90.1118 59.741 80.1439
b0.044 106.8861 75.7339 78.4306 90.2223 81.538 85.4584 85.4569 93.2035 60.09 72.6912 115.0373 78.8691 73.1027 62.7805 52.0294 48.2179 48.3829 86.6201 73.5414 73.6587 73.3268 80.2768 64.3111 94.9581 82.3693 113.3111 98.1518 50.7059 149.8935 61.5244 49.7239 48.516 45.3229 91.3932 37.1111 76.4458 57.0923 75.2769 100.9031 80.9048 87.7713 79.6854 34.8113 71.1356 87.127 77.2051 90.4551 92.419 56.5394 73.538
b0.046 81.1397 85.746 68.4941 75.1694 100.8065 77.3503 88.2703 68.9074 73.3276 60.5556 84.5661 52.1735 46.3033 89.8997 52.7874 66.2044 81.997 100.7378 59.4307 79.5756 89.6496 103.5674 80.4506 79.9605 98.3578 108.709 43.8874 73.9771 94.3944 53.6218 47.6742 77.0547 81.9883 89.5232 449.0349 127.2875 54.1545 54.209 34.2758 60.0423 68.3378 73.1357 79.5791 80.4554 49.2596 56.5869 63.8034 44.0301 62.2074 87.9129
b0.048 106.8879 63.0508 23.4008 89.7466 119.6229 62.0868 58.3005 70.2187 57.4391 65.7594 92.1942 128.02 104.5217 70.7074 94.4417 81.373 83.6309 14.7466 49.9205 65.2053 84.1797 125.6148 96.9442 95.6126 111.1007 42.271 50.6548 63.3554 93.0596 76.3453 71.5917 84.7802 44.8803 67.4115 59.1689 126.2797 83.7029 94.4953 85.6673 97.6912 63.7891 43.9262 82.1224 63.3457 60.7155 74.1816 72.285 94.0672 46.8111 95.8691
b0.05 60.3888 81.6555 79.2691 96.7509 112.6952 70.454 71.0296 78.563 92.1019 90.4566 72.1135 100.2282 74.9305 96.0115 89.2866 48.0696 70.9414 87.2107 49.9085 63.8166 47.4814 44.2163 71.5234 91.5649 62.8829 70.8972 99.1144 58.1593 124.7527 91.8058 69.4992 86.3019 65.5611 91.5583 87.5693 80.884 47.9444 53.8704 62.1525 52.1459 67.3668 76.6014 79.09 59.4149 98.3934 49.2446 68.641 52.1502 84.3837 80.8448
b0.052000000000000005 83.9636 94.8741 100.1634 65.8092 77.2699 108.5658 94.7509 81.385 51.627 104.6942 38.3 81.6811 40.6218 71.6796 88.8637 82.8458 76.2197 48.99 84.1617 101.0528 91.0206 75.4031 62.6135 94.1438 64.6541 57.1095 91.6681 90.1617 106.4815 62.8287 82.4562 86.2852 71.8014 100.2329 47.3775 77.4872 127.5657 84.2447 79.2206 88.2615 82.9008 67.6829 42.4648 52.6421 77.6226 48.2692 67.6404 105.3503 80.6096 62.4834
b0.054 90.9392 56.6189 89.2188 66.0673 78.5882 64.1901 71.918 67.6036 76.0625 83.8921 56.3675 84.7457 63.1375 82.3746 64.2124 81.9935 154.1996 91.6879 77.323 59.7029 61.254 49.5299 78.7914 76.6918 52.6776 82.3149 82.3849 76.6542 79.8048 61.2653 87.7605 52.9645 100.55 133.5154 102.011 169.1863 103.9954 85.0516 63.6528 85.0764 79.2908 77.1368 92.0571 56.445 74.3876 45.1142 90.0034 77.2136 122.8522 62.1266
b0.056 93.8774 73.0216 63.5762 68.4035 79.0328 119.8625 86.7496 65.8758 52.855 211.1959 83.4353 393.5568 70.6139 82.3775 35.2318 266.2128 93.1485 87.567 55.6579 33.5651 77.8281 72.3331 77.1259 47.931 75.1455 51.2882 79.8757 48.8964 83.7966 87.4158 85.8216 64.6628 84.4333 64.9167 52.9342 92.2305 86.2431 101.2321 46.2453 91.7491 53.1422 64.363 60.9238 82.7867 71.2937 59.1921 77.1051 73.0528 76.0698 93.7388
b0.058 79.2708 65.4942 79.5242 83.4042 77.2607 84.5172 69.0958 72.5997 328.6316 140.4923 43.1021 68.6798 73.3864 43.1126 103.9254 84.8157 85.6646 79.0992 79.0311 81.19 91.776 53.4219 74.2603 72.2407 53.0193 90.8691 99.5058 80.1904 95.3215 76.0383 84.7862 90.9873 86.5282 82.5324 100.6351 75.0714 63.189 52.6575 85.5691 80.0091 84.4148 62.7121 83.5278 57.0522 83.7681 82.1538 83.9663 89.6632 55.509 61.2782
b0.06 158.7509 47.7813 58.2725 88.5722 82.2794 80.5797 90.3578 84.3591 93.9244 100.8575 43.7498 87.5317 57.6259 90.3959 57.8722 74.0623 96.5514 59.8894 78.5694 124.4241 54.8383 66.63 75.0145 57.4312 62.4121 238.9453 44.2136 80.4274 178.5212 77.3615 81.7974 71.5762 52.7577 68.5158 97.0028 43.8678 77.5032 53.7105 61.2969 89.3562 98.9669 75.3653 54.3951 66.3994 83.7391 87.9017 73.4169 79.5201 89.0129 80.269
b0.062 41.3435 64.5721 229.6333 78.9802 81.3436 111.5078 97.8544 59.4637 87.707 97.4329 90.4725 81.2031 78.6272 40.0099 54.7698 88.6617 99.6344 43.214 31.2478 98.7416 62.012 88.2977 93.6759 58.9099 99.1479 87.1822 92.3077 61.7645 62.0069 45.0511 62.8347 76.1959 84.2432 86.356 86.2208 56.3018 62.3265 94.2895 61.002 107.9271 59.9566 66.0118 806.0327 82.1482 89.1974 52.9685 27.4283 48.106 96.0859 53.5194
b0.064 61.0595 44.8839 72.7608 60.9625 94.7151 76.0386 86.1324 70.2443 98.5015 54.3502 92.5914 66.5816 30.4857 94.8207 84.0504 100.5654 81.8196 52.38 79.3321 83.8665 84.7443 74.3187 53.1953 79.1283 78.6468 58.485 61.6759 96.2093 86.8798 65.8995 107.3455 71.0462 74.4892 79.8918 85.2205 88.5839 90.6853 43.0197 62.77 48.5759 47.5608 31.2761 52.3004 74.3527 89.6094 75.2819 82.1886 70.0489 45.1117 58.5818
b0.066 76.3569 91.4216 67.3647 43.1366 61.1739 91.3046 80.1405 56.0811 74.114 78.8839 44.4109 92.0544 51.8847 33.6682 82.074 71.0378 50.2898 83.845 84.7151 115.9332 68.7077 48.542 51.3156 75.5952 80.4402 44.3278 81.5676 49.4259 82.0013 71.576 102.1083 50.5995 144.4785 80.2248 44.9148 61.6702 38.1933 81.3781 95.8248 90.4058 110.7425 49.3085 67.6371 86.3376 51.7023 50.1645 93.4471 82.0868 68.5168 93.7918
b0.068 86.6119 90.6884 58.5052 91.5826 102.9844 83.697 62.3203 82.1034 117.4901 44.7502 108.1089 72.5722 44.2186 76.8416 57.718 68.085 94.0074 72.1738 50.3047 63.1489 94.4431 96.1927 87.4404 108.6272 100.1542 80.8821 96.9526 80.9653 88.1297 54.0018 58.497 90.6549 86.7731 64.4764 97.0708 81.389 69.5248 120.5832 76.5402 91.9364 80.6269 44.2176 89.4056 77.7515 52.7647 56.2837 73.0572 126.7921 89.5615 57.5666
b0.07 123.4925 212.7041 47.7185 83.0243 94.8871 81.753 89.5381 93.919 69.1695 52.0036 83.6365 67.7563 53.2288 99.7361 62.9212 48.9234 47.821 103.7948 50.4155 90.6375 81.3937 80.2542 49.481 74.5669 84.8584 288.9401 102.0151 91.2489 71.7894 81.8011 93.358 80.6504 45.7575 44.0281 95.3915 88.1584 64.2132 77.024 44.5716 55.527 72.7971 74.2283 44.2204 60.7759 87.8602 68.9953 68.771 78.5009 67.8483 92.0792
b0.07200000000000001 56.1775 62.072 100.7861 74.1106 67.3699 46.2602 74.1059 67.4499 90.7477 85.3181 152.1715 92.1955 52.2912 87.7417 99.8586 80.1261 54.2861 88.4537 64.0065 74.1521 148.9384 69.0487 52.1911 89.3369 51.1631 48.6194 80.2774 95.5813 63.3204 83.7192 47.4147 65.6794 82.9414 100.4825 58.6217 132.3722 131.8383 95.918 52.6435 51.9385 80.2254 71.9104 50.1509 82.1238 90.3669 34.1164 60.9246 60.4174 78.2394 85.2538
b0.074 63.6746 104.0038 70.1863 64.2299 86.1394 102.2168 53.0396 90.1024 89.7349 56.9593 471.7763 76.0576 86.0244 66.0482 59.8296 70.7054 60.5637 52.8001 68.5249 97.6303 79.2585 58.9466 53.9936 73.9543 74.9938 71.8132 67.7632 60.9385 92.096 79.7888 82.7529 84.1443 55.5026 72.5316 116.7893 88.2076 83.2966 82.063 86.8164 63.0579 78.6611 80.6816 60.968 52.6356 84.0367 57.5472 94.7506 66.7786 79.8491 79.0822
b0.076 33.769 65.32 92.4784 84.4368 72.5575 55.4034 65.0679 97.3584 53.377 78.6731 89.866 162.8779 79.7683 67.6317 81.3481 77.9629 84.8303 76.3709 83.0887 63.3223 58.4467 71.3794 43.8586 59.1921 69.1538 94.7642 177.269 93.5645 44.2174 65.0216 91.6805 30.864 97.8942 59.1261 57.6658 74.1998 12.0115 107.8365 55.9591 76.7569 80.7312 68.9841 87.6286 58.9242 51.3369 88.2833 73.6178 81.5685 89.601 53.8127
b0.078 115.3248 53.0779 43.9369 65.7294 83.2073 109.8526 54.0487 89.1357 86.3651 79.5822 57.8259 81.1842 56.7627 61.3525 119.4931 86.6505 76.5137 68.06 100.6972 73.8044 104.8736 52.6663 80.5884 89.0287 73.879 72.2695 83.7292 83.6583 91.7689 77.3947 83.1189 67.9888 74.3858 94.8603 100.5046 72.769 65.6905 83.6023 102.1844 65.9692 46.1624 76.4505 79.3646 71.6333 78.3177 62.4814 92.1639 76.3125 45.024 50.9338
b0.08 61.9847 74.8683 91.3797 67.4956 109.7588 96.7491 92.2642 45.1343 44.6125 91.5161 98.4487 81.1309 43.7018 91.2362 57.0421 55.6973 28.2888 88.3102 41.0857 35.6429 127.3025 196.8406 85.5216 100.0526 66.3855 101.6687 55.0583 83.4435 92.2633 75.3951 56.2365 65.1795 51.0066 76.2044 48.2687 112.7622 83.0076 43.3777 81.665 46.9129 84.1741 72.438 56.911 90.0058 82.1405 72.1041 58.9593 102.6639 92.095 202.7214
b0.082 203.7157 83.9874 85.9756 97.58 49.6617 106.5647 42.8677 62.4213 86.0491 85.3611 89.6723 111.3744 79.4176 84.8417 75.764 62.7101 88.9139 72.7092 52.4809 85.4444 72.5391 65.032 121.546 55.0321 101.2173 162.6189 80.5109 97.9496 103.4414 66.7134 44.1353 43.4579 73.9445 74.3151 53.0468 87.2242 51.5944 48.8477 54.1768 74.5336 96.4305 44.6402 87.7089 76.2571 76.9621 671.39 44.2187 58.3823 87.8167 85.9861
b0.084 83.488 89.2724 81.8168 50.1417 107.9546 61.8276 58.957 90.4687 69.1946 81.532 75.6057 69.5029 80.5558 74.0675 61.4489 304.8815 88.8482 91.2968 81.0215 96.2898 84.7783 83.3507 73.8851 66.289 151.8762 63.7682 55.7496 58.6244 72.7691 87.7709 76.3573 80.0709 85.4348 69.4836 36.8793 89.0819 43.0605 94.72 79.4366 84.8539 70.8565 111.9062 61.8983 58.3406 57.8565 68.5068 94.1675 75.4327 134.8593 59.9214
b0.08600000000000001 62.1087 79.995 74.2438 65.0369 94.1457 83.9608 120.1784 78.4557 74.706 80.3705 129.5883 48.6542 79.2804 83.3681 98.0371 82.2903 48.804 97.2035 65.4995 44.4486 74.036 85.1199 52.7566 931.6024 62.0414 86.4052 70.7549 61.6107 42.6379 44.2219 70.2346 63.426 71.0351 68.1533 86.7658 73.8482 59.4866 55.5826 86.5418 83.1742 47.9719 52.9073 76.8788 82.5119 74.65 73.4726 71.7623 70.6602 84.0368 76.3553
b0.088 61.6793 82.2201 49.4913 77.2599 86.2923 66.6222 95.9186 75.6618 117.4758 53.0242 48.4275 87.3851 48.4582 102.5288 75.5089 48.2932 89.6179 99.0009 87.2027 67.8386 76.3556 89.3716 82.2794 65.8611 50.0304 98.3582 61.529 76.1258 23.9171 85.0537 63.9141 68.9546 70.0898 81.7723 80.0417 46.0221 27.2783 60.639 56.5693 133.0831 74.9581 52.0287 63.1557 84.0023 77.7124 59.528 55.9321 66.9596 76.9636 57.8191
b0.09 70.1223 81.6027 107.7291 60.7133 79.4288 78.4782 43.5775 47.2844 75.4401 94.7728 67.9113 73.9292 84.024 61.7707 68.093 86.2291 86.7569 73.8089 70.315 84.836 127.7709 108.1343 49.3553 68.2564 47.5574 80.3707 110.6016 86.731 82.4092 69.4761 75.3903 52.5995 85.0474 55.1205 100.9447 80.9335 52.364 78.8487 75.0997 68.2626 49.9325 73.0896 80.8802 103.8731 86.8963 86.6644 64.7238 95.866 94.6854 71.6762
b0.092 77.5722 48.4186 79.6902 97.7743 94.9519 52.419 62.0478 72.4551 109.0135 61.2093 34.0617 73.3533 43.3352 65.9784 117.7305 73.7568 35.5777 68.5058 89.0785 81.5047 50.7321 67.739 72.594 54.7525 77.3393 78.8953 57.7367 100.9218 151.5026 83.9998 72.4023 79.0129 58.7741 87.9947 75.8913 22.0672 54.3871 64.9854 67.7879 115.5182 77.1539 77.1271 76.2008 94.4336 91.2652 44.8106 85.8351 111.6884 67.3212 82.5832
b0.094 66.355 93.8087 73.747 86.1821 87.1057 78.2227 73.6431 43.131 80.139 66.0072 76.7414 55.333 82.0567 85.6786 72.5793 76.8489 77.8757 56.1951 62.7301 82.3971 26.4459 66.9194 78.6566 56.4497 94.6964 77.6248 49.4663 62.3054 87.7042 85.7111 88.2872 109.1411 80.9725 79.3055 68.9201 78.6362 95.5902 353.9964 92.6058 56.9038 90.2417 55.7981 81.1485 57.3 87.5818 87.1469 87.5611 84.2563 95.1127 84.3466
b0.096 142.9468 52.1357 105.2794 61.3169 43.3216 79.7563 97.8433 94.4065 45.3148 51.4346 74.8341 47.6588 86.5597 40.3576 67.0092 71.5503 89.4381 72.2587 73.3633 91.3503 44.4823 86.7131 98.7024 60.4119 89.7903 59.8479 81.4298 78.009 72.3348 68.8008 82.0677 61.935 72.1696 79.2844 45.6581 91.9949 77.7955 47.1441 53.2414 88.8594 51.5761 54.9963 77.3088 44.2237 80.8007 68.5712 67.4387 71.8522 67.2786 56.9222
b0.098 86.7593 71.8818 61.8049 63.6289 64.9303 69.1495 81.7527 88.7916 778.3062 33.6558 80.8662 92.2353 56.7798 494.8744 776.8892 52.8392 31.8954 53.4169 72.0256 48.7456 88.6069 45.6812 76.5128 61.8606 44.2185 84.0785 47.471 74.5723 89.0775 87.0802 49.0849 88.5898 154.6152 80.8439 27.13 39.4244 63.4839 103.1359 87.3676 77.8326 90.3158 90.5761 59.3988 81.9731 61.5877 83.159 91.274 87.4355 89.5188 63.2105
b0.1 89.6168 66.5514 62.2942 100.97 74.2958 71.2169 61.5045 85.5475 74.6096 164.4998 62.502 46.5356 92.7357 54.1553 53.9855 46.5144 76.3742 66.0997 41.0665 74.6454 65.4149 95.3353 75.7157 49.9791 69.8246 49.701 100.4696 79.6107 83.4649 93.4594 61.993 58.4151 68.1772 72.0054 77.6232 47.8528 44.5088 60.751 98.5323 74.0658 84.5952 60.6669 56.3071 68.7115 217.3682 85.3949 67.025 89.9552 52.274 55.9703
b0.0 55.8639 55.8639 55.8639 55.8639 55.8639 55.8639 55.8639 55.8639 55.8639 55.8639 55.8639 55.8639 55.8639 55.8639 55.8639 55.8639 55.8639 55.8639 55.8639 55.8639 55.8639 55.8639 55.8639 55.8639 55.8639 55.8639 55.8639 55.8639 55.8639 55.8639 55.8639 55.8639 55.8639 55.8639 55.8639 55.8639 55.8639 55.8639 55.8639 55.8639 55.8639 55.8639 55.8639 55.8639 55.8639 55.8639 55.8639 55.8639 55.8639 55.8639
b0.002 53.2767 39.9029 46.6893 36.7702 57.9234 50.4608 51.0971 51.4852 55.5826 78.2155 44.3999 44.0471 53.5879 71.3437 51.5604 70.2071 53.8908 49.5817 46.9141 42.4842 48.9847 40.1473 43.6554 53.2099 66.4472 58.316 46.5034 45.5352 42.1272 46.3998 63.2827 43.3053 38.773 47.7719 44.8548 44.8025 21.9163 49.0193 48.7463 46.205 64.5222 52.8014 49.1865 44.6457 54.6884 78.4652 53.1 78.8791 62.8872 46.4604
b0.004 53.7071 51.3064 47.299 45.2776 43.678 53.0087 71.4166 45.1946 40.8137 42.5418 43.7326 50.4229 52.945 45.8762 45.4761 53.1775 58.7202 272.2501 43.1488 52.6949 60.7517 39.78 197.1835 42.3448 47.0304 46.5324 42.88 40.8166 58.2378 39.9716 45.9796 43.1522 44.3946 46.8756 196.9513 412.9739 51.4131 43.0856 50.9324 46.8277 48.8068 41.7448 49.7717 46.8085 50.3727 45.7869 58.4915 55.127 42.0609 44.4581
b0.006 84.9331 50.1521 43.883 45.7388 51.1114 59.6572 53.4159 57.8826 54.6464 40.8306 49.7056 42.1213 58.8165 46.3217 44.2146 53.8479 47.6111 54.095 45.8292 78.8189 66.2526 42.8078 50.7425 83.3072 55.1806 52.0753 26.5367 38.685 48.8719 49.945 46.5249 61.7541 39.2985 49.953 45.129 54.6433 281.2227 43.4395 47.4001 78.4396 464.29 54.7324 41.8115 39.6951 48.1813 48.8193 50.9254 46.8162 49.4326 49.4967
b0.008 41.4448 39.1409 24.4408 42.6416 42.9104 48.4542 49.7594 45.7347 47.3494 45.6618 44.2699 50.2403 43.0734 42.7593 46.4568 28.5757 42.9561 43.7705 46.5915 45.1863 47.7347 59.217 53.9483 45.589 68.7568 43.9634 45.8488 58.1982 38.7239 43.1328 51.0939 64.6321 56.0786 54.6617 45.477 105.7621 46.8194 107.6784 46.9253 43.3457 46.8583 53.2658 40.1804 38.9197 50.0847 47.7062 76.2461 48.2409 51.9714 46.6335
b0.01 47.5536 64.6329 86.0813 39.475 56.6451 53.1814 39.4409 49.5726 53.9565 50.7445 50.8465 61.0219 74.4478 53.8639 70.7456 39.2815 56.9148 47.6122 47.3516 58.6772 76.0104 44.241 35.9331 68.1566 50.7347 59.8011 46.2883 46.4728 54.6846 47.8276 53.4127 44.3278 58.3909 51.3568 32.6046 69.7169 57.5433 49.3757 46.4421 58.5938 46.8306 51.7319 82.1933 46.7892 26.6798 45.4487 47.8451 43.3331 59.6819 44.4735
b0.012 71.9422 51.3983 87.0722 45.6698 75.6691 45.1336 294.5295 39.1102 18.4457 48.3017 49.0522 44.9068 46.6669 51.8638 49.4342 51.6811 49.429 52.1946 44.5461 45.6592 63.9653 53.8941 48.8907 46.9657 41.4063 50.1155 45.7364 53.8804 42.2967 46.4894 39.8357 44.9531 41.0186 46.8394 51.3059 98.4925 54.4105 68.3884 39.4753 62.9081 48.869 49.3695 44.4002 41.5865 45.1432 46.7641 44.3888 48.0388 50.1101 47.9872
b0.014 52.316 43.5424 44.1769 96.4421 68.3719 56.3027 30.0864 47.3994 42.3077 48.6649 51.4319 54.5398 65.512 40.5022 45.5212 49.8379 46.1505 59.8919 48.6079 48.6774 46.1387 52.8056 58.5857 47.84 45.1533 42.5345 72.473 38.7194 38.605 63.7718 45.2176 47.1454 43.5062 51.392 55.8599 52.4384 48.9996 68.4533 82.2737 46.5081 292.7159 53.913 127.5658 82.0166 56.1788 53.145 45.0919 47.6094 47.664 44.8622
b0.016 45.7095 40.4179 45.8042 42.6086 41.0703 52.7535 90.0945 47.0125 66.6401 38.3308 41.0962 45.3788 46.5599 93.6173 46.2626 42.8471 44.6298 38.4214 40.8662 50.9795 45.6821 47.2976 46.512 56.3735 39.0737 40.6407 52.0188 46.9581 46.7016 46.9861 46.8242 43.6788 62.1118 56.2276 43.8119 69.0456 40.3285 65.6864 47.2155 47.1103 49.1282 52.261 47.2849 71.0264 49.1895 47.024 52.6533 64.4455 30.9885 58.6331
b0.018000000000000002 30.4143 56.4838 49.8451 45.9631 41.432 62.0406 48.8821 50.1249 441.9547 47.0636 134.3325 19.0727 46.7181 43.5878 48.4016 39.2073 45.8903 49.1758 45.4161 42.949 41.8499 52.2045 46.6804 70.1443 52.4943 42.1355 54.3497 72.054 46.9034 93.3072 47.3124 100.0394 47.5764 59.8229 37.7365 52.9297 41.0779 38.5262 50.5487 43.8002 39.1565 80.8387 73.1561 62.5742 75.7245 42.8709 43.8839 56.7233 46.2322 47.4415
b0.02 53.1704 47.3318 60.2961 46.1531 54.3829 46.3791 48.771 43.5936 39.066 40.0367 54.7582 46.4579 361.1241 54.0727 57.051 47.047 63.5232 44.0617 41.9604 46.1807 47.2418 44.5208 49.5407 42.5534 25.4555 43.8652 52.6608 52.036 51.2106 54.3514 48.152 84.3338 55.0459 49.8662 44.8312 49.1775 48.5452 46.6897 50.3655 46.2785 55.9863 46.1862 48.0418 52.0937 49.5238 77.1223 82.6684 46.5125 48.1409 64.6992
b0.022 54.3091 46.219 49.8749 46.8922 52.1254 47.0406 50.6815 45.5286 47.328 51.8926 64.333 53.7491 9.967 44.4971 50.073 61.773 58.1655 45.5298 44.6959 39.1171 44.9724 94.1448 77.6819 72.544 46.8885 59.3325 46.9554 46.1757 47.8551 67.2198 81.2295 46.2005 42.1955 86.3938 80.0014 46.6684 46.854 46.151 52.4194 43.879 81.7904 51.8251 45.3147 75.6476 45.2076 39.8076 47.1137 44.7257 40.223 39.24
b0.024 44.9685 51.9569 41.9587 60.1374 69.5804 45.2926 73.5752 53.0237 46.3603 44.1118 53.8406 49.894 72.4553 46.7926 43.4663 43.2633 54.0987 38.2676 48.3766 88.609 53.7008 49.6861 46.0979 72.2944 61.6316 44.549 47.3672 69.6703 44.9699 285.3408 46.8584 38.7941 47.7564 46.5625 51.5059 45.0789 39.4904 53.4734 58.3807 48.2049 43.2788 46.8065 55.5025 42.4405 46.6432 50.4894 48.6761 48.7506 42.6189 54.7684
b0.026000000000000002 42.6791 46.3743 70.9226 296.2583 62.77 186.0713 42.8379 44.3141 39.0677 38.4644 94.2645 50.4315 62.5783 47.9743 47.0153 51.3478 53.5326 62.2533 40.6657 65.9322 46.8556 50.7011 53.8045 46.9065 44.9937 45.1914 75.1542 44.4169 89.3839 46.5648 46.2177 42.7001 46.9927 41.977 14.6893 46.1172 57.5307 49.181 50.8913 79.3727 47.1775 60.0259 47.7311 45.65 50.1222 97.5971 39.8882 55.0176 47.9534 53.9024
b0.028 47.1138 42.5676 40.3592 65.0825 43.3285 42.8385 49.8762 74.9248 101.8875 39.8588 43.484 100.3497 47.1453 47.6303 50.1197 46.5885 47.7442 46.2248 46.2805 51.3973 20.9272 59.7377 46.1615 48.4694 52.1699 43.6612 32.8801 45.4215 50.9183 55.3931 44.1839 68.1163 44.6836 66.1899 46.4407 40.664 55.6283 52.9255 46.3121 45.8224 38.563 40.1412 46.5043 41.6436 96.092 128.2921 47.4072 50.1567 39.3977 849.4154
b0.03 74.5429 47.0403 39.5348 39.0606 70.3461 48.0455 44.0078 47.1421 49.371 46.8415 41.2317 52.6948 53.7207 49.4832 40.2976 41.2027 68.1881 52.2025 48.201 54.1848 47.8959 64.536 43.9226 224.4583 47.1038 43.7494 46.4539 70.3293 33.3101 38.8008 41.4849 47.7958 46.7681 63.9383 54.1285 46.9987 201.938 53.4687 52.4046 47.6914 47.2554 46.1896 49.7495 44.5597 50.2878 44.1407 50.7245 54.0544 82.3441 47.7447
b0.032 46.4259 49.3833 48.9485 367.5025 64.1037 67.7324 39.1636 39.4718 40.7462 46.5586 42.2649 47.2339 40.8014 44.479 51.7207 50.1985 42.0223 43.6284 54.9501 46.0088 39.7053 58.1151 66.5946 54.9088 50.3395 47.4676 45.7177 50.0625 59.0644 49.2394 44.8969 39.4596 47.0535 90.7165 46.4833 51.8326 82.8293 95.1338 41.6205 55.0142 78.8196 50.088 115.601 49.8587 69.3 47.3266 46.6788 54.0499 53.0969 46.0906
b0.034 68.3693 44.0377 49.3664 54.4573 43.002 39.2541 54.5068 45.4484 39.4524 46.5011 75.6639 103.0185 55.2521 55.5948 45.1779 71.7126 54.0484 46.7107 44.223 45.5788 49.9172 58.0262 60.9291 50.3654 54.4497 40.1186 50.956 43.2602 47.8441 45.9992 92.3338 73.2113 43.5492 46.4493 54.4963 232.3856 94.8222 59.9857 43.1279 54.1191 46.0163 50.1351 55.9651 44.3949 49.1512 49.8535 40.0725 63.5979 57.6877 45.355
b0.036000000000000004 54.1514 75.5051 71.1241 71.2448 46.6701 51.1937 48.2077 54.9381 61.0226 39.5769 55.9825 53.9836 80.3047 50.9063 69.0865 48.0206 48.3642 26.3063 49.2714 46.8498 48.0495 47.8353 45.4844 51.8021 323.0252 43.6267 44.5657 51.6835 70.6805 53.0437 43.7458 45.382 46.0312 51.8688 50.7126 76.551 67.2358 54.0826 76.5712 46.297 45.9688 47.0436 44.957 54.1852 417.1291 94.1985 55.567 59.6885 46.7237 40.2921
b0.038 58.0324 54.4164 51.9562 38.5208 43.3973 46.2687 46.6861 97.9739 52.6939 56.5689 48.7144 46.5977 40.5149 47.0197 67.168 48.1153 47.9212 53.8325 41.5713 57.7409 80.6573 101.0999 42.6228 41.6893 74.0595 64.9996 101.7056 46.6993 44.1917 41.6709 46.6538 235.9687 53.7232 54.0401 82.1771 53.5406 79.6694 45.786 53.592 44.1572 47.067 41.646 27.0181 47.7337 53.3243 46.6534 80.3173 50.5242 94.0644 47.5006
b0.04 42.0285 50.4302 38.9252 39.4982 46.4466 57.6937 63.1091 32.3895 87.4744 44.8365 43.1408 53.7815 43.959 54.1049 54.5041 39.646 44.3917 53.5534 89.7352 56.4356 54.0628 51.3925 45.607 41.7246 50.4365 53.5722 39.0445 44.7105 55.8192 87.8038 38.7602 20.9887 57.9658 44.9038 61.8723 84.1591 53.965 54.5406 56.6341 54.5234 52.8725 41.1532 46.3416 59.3161 53.4703 98.1029 44.6525 54.1214 101.2432 99.6542
b0.042 45.67 55.0501 42.1371 46.6958 42.1598 53.8109 52.8976 53.6117 56.256 43.3576 53.7471 47.9666 59.782 59.0241 53.8915 60.0695 53.9099 49.2579 53.7418 47.49 44.9839 49.8768 45.3693 51.23 55.3357 50.1166 95.6559 46.8247 49.5935 66.0964 45.6643 309.5648 59.1725 55.2653 46.5388 71.6865 77.1227 49.9847 42.9397 70.7723 94.5435 45.9014 49.6795 50.2271 20.12 34.3634 47.5516 46.7895 353.5292 56.7876
b0.044 55.2667 42.2422 67.1107 104.0986 56.6348 47.8315 50.2155 46.2409 52.1504 51.8958 80.8828 46.7739 71.4356 41.0654 42.6413 42.7573 86.4181 46.7354 47.0568 41.5103 66.2914 43.6425 83.2717 45.3273 46.9409 51.5392 76.6092 45.5405 79.6441 49.5313 97.1361 46.9006 46.3032 89.6829 27.835 91.8177 45.6313 52.7535 49.9348 42.2202 81.5486 41.7601 54.6371 47.0224 60.3915 67.036 47.8954 53.76 44.5793 44.1635
b0.046 46.001 46.8373 45.468 46.4663 46.8529 44.7026 51.6024 58.2906 85.2462 45.941 51.2232 85.723 51.518 46.5714 47.527 42.6669 60.3021 46.0013 102.3411 54.6827 45.7864 47.229 44.4348 44.57 53.6285 98.4071 50.5334 49.2473 50.075 83.0512 50.0248 54.9127 46.4102 65.2577 118.2618 71.089 49.9816 54.1861 39.6173 41.3205 70.5248 50.3702 51.4401 95.3622 65.6102 43.9067 46.9186 47.3553 90.0249 49.7748
b0.048 41.2012 96.3891 45.7955 63.2118 52.6895 45.8549 50.5991 42.4315 89.9429 100.196 89.5478 50.4571 16.8449 49.3411 42.6948 41.659 56.2352 46.9414 39.0725 46.5276 42.9308 43.3014 46.6396 46.9765 47.9769 39.4977 55.3136 57.84 42.4688 39.4661 48.6365 46.8284 46.3385 42.3323 45.6231 34.5567 46.0985 56.6641 45.0953 53.5553 40.2978 45.7036 53.3942 41.8639 55.8601 40.5582 49.2669 47.5266 46.4614 39.2523
b0.05 47.3449 75.5947 43.9169 51.6173 48.2305 42.5317 41.5271 54.0575 51.2607 55.3278 141.5882 62.8969 70.9994 49.5305 39.5925 71.5403 45.7107 61.9112 54.3143 71.8973 69.064 49.7034 114.3218 67.5035 56.8667 39.031 41.9004 53.9752 47.1489 52.3958 46.6383 33.1868 48.1858 47.4416 44.7197 39.2267 39.1381 47.1901 50.3762 39.2041 102.2433 46.691 45.0377 78.4396 46.634 50.4153 45.9283 53.8453 47.4719 56.546
b0.052000000000000005 53.0733 46.6778 51.3302 308.3757 47.5292 54.0805 54.0343 50.9633 45.2989 53.7454 62.8692 45.0338 105.7213 46.7317 40.555 45.8922 48.1734 46.4153 51.7932 33.4792 71.4608 53.4803 49.2177 77.445 42.0258 104.3864 47.1403 45.1247 51.7725 47.0258 50.1652 39.1241 45.9248 83.6585 42.0242 39.1551 50.4124 39.5416 45.7534 162.6038 49.2994 54.2782 43.0366 39.2487 48.1096 41.2391 72.8815 49.751 53.892 103.0867
b0.054 53.04 41.3371 47.0005 98.6726 67.1241 73.0452 295.9887 45.7537 68.6614 49.7982 43.9055 41.2463 46.0109 101.4258 53.7794 49.7088 44.8968 64.7291 61.1809 53.6537 63.5489 43.9263 60.1273 100.9665 39.7644 45.9528 44.329 91.8299 171.1023 42.2147 42.5515 45.2836 82.8381 39.2905 100.0406 49.8772 77.4092 54.0233 48.4146 64.3427 44.7269 63.5905 49.9834 48.4666 87.1304 59.1768 51.3705 28.9957 50.6926 46.6669
b0.056 102.9852 54.7202 40.7579 68.4362 48.0663 41.6658 30.384 54.1122 51.8246 58.1688 43.3575 74.8751 104.1511 54.4018 57.6412 54.6833 47.8115 45.8558 54.1445 82.4189 104.0346 44.1796 40.0029 47.1441 47.0368 45.197 40.1677 48.2427 52.6019 47.3259 59.5375 42.5457 48.3129 102.4051 47.7736 54.3636 46.4056 46.4641 45.8402 46.5439 61.1024 44.5819 47.0527 39.3087 62.7701 42.7322 42.8135 48.4377 42.06 138.0355
b0.058 41.7622 63.8071 43.8653 96.4174 72.0438 97.0642 103.0561 100.302 51.3184 40.6683 85.4882 57.8557 64.5881 42.1344 52.2236 43.045 78.7415 54.0294 59.638 46.6745 53.8657 40.9143 42.4344 60.9542 47.8225 46.8913 42.7052 50.3203 41.5014 594.1364 53.5422 52.1631 51.4929 41.6636 49.4231 66.808 53.5049 54.0237 45.9125 47.7616 47.145 345.0109 98.4717 54.5522 43.4489 63.4109 47.1936 38.2717 274.8951 38.9649
b0.06 45.7959 54.9608 67.4656 47.1645 70.7635 54.1952 99.0188 298.7636 42.1139 50.5354 43.4875 65.9335 340.4972 41.1814 41.5922 47.8203 61.9052 43.1455 42.5342 132.5602 53.9994 61.1389 51.3333 47.351 46.7664 46.6525 45.6165 48.8722 80.7042 39.1983 54.5027 47.2476 57.0522 192.3577 42.4749 54.7448 45.9587 38.8511 51.7479 48.7316 54.6849 99.3526 56.9632 72.7389 49.3953 47.0265 38.9902 41.5173 51.0698 45.0897
b0.062 65.6286 49.3729 47.7942 48.1843 56.7141 51.3524 82.5675 42.3189 41.9411 120.4991 52.9731 45.4598 43.5649 43.6325 63.2293 50.2116 47.158 45.8793 46.5996 53.742 51.2556 52.8729 42.4877 45.743 65.2966 50.1596 30.9559 46.0703 90.5951 84.6079 68.4264 68.449 50.4387 101.4827 47.6714 47.9078 84.136 388.5857 44.1882 38.2979 43.4762 46.7506 46.679 58.2176 49.6247 50.0952 39.1608 49.4317 66.3435 42.5439
b0.064 46.7805 26.2597 74.1779 34.6885 46.0995 74.2789 43.7569 53.8302 56.6209 40.419 47.3645 50.1004 76.5162 48.2607 114.1311 46.4907 46.6286 76.3396 46.7767 45.9196 87.3172 50.5534 62.7123 43.4553 54.0542 58.7121 55.5614 46.448 97.6088 40.8237 23.6357 100.7351 99.1252 58.0707 43.7548 39.1539 75.4232 44.444 43.7803 46.2138 46.5473 53.7462 46.963 88.8938 50.6202 48.8935 40.539 44.1595 108.1384 74.8284
b0.066 72.6286 46.8142 25.8633 47.4181 46.4623 83.7818 41.3441 39.4609 56.2668 39.4705 53.5095 54.1101 54.7348 48.2704 50.3189 46.6382 45.534 50.706 74.8628 99.1133 58.3158 57.8516 47.9472 98.0754 57.9579 75.2414 53.9037 39.4462 39.4719 41.6698 78.987 47.2253 69.1165 49.6031 46.983 41.6048 54.2561 61.0028 46.5277 45.0688 44.2023 44.9956 96.4071 54.7006 47.5792 47.0773 43.1769 49.9466 64.2402 43.935
b0.068 52.5362 52.5603 50.3731 39.1498 42.9158 45.8714 42.942 47.6176 74.4706 77.8832 38.1646 47.0427 38.6041 47.3166 65.6025 54.5824 49.1948 46.9937 46.9516 72.0101 55.3103 49.3555 53.0044 48.6276 75.4244 60.6399 87.6845 44.3918 53.8242 51.4543 50.2508 50.6931 87.2087 71.1318 47.6294 73.2673 51.5488 75.7492 46.8082 54.0508 44.7433 47.8169 42.2399 40.1253 49.5771 53.4349 43.4867 53.0765 52.6764 43.3348
b0.07 49.2048 43.8856 47.7953 37.4243 54.3447 46.9658 68.6343 41.9681 45.1163 47.8037 76.4196 43.6313 55.219 39.4573 47.3548 45.8163 368.093 62.1098 46.8949 97.0775 45.6725 63.8585 71.473 104.2845 95.462 53.9693 31.1918 84.9103 42.0161 47.1188 50.8178 46.8875 72.429 52.2192 49.4447 46.5209 45.226 55.389 55.3528 172.0251 44.5814 39.2169 59.6458 91.9469 56.981 64.3152 51.3578 45.04 46.5873 54.0708
b0.07200000000000001 42.7375 46.1958 52.6666 39.2334 55.0779 47.3351 47.1607 48.8741 81.9969 40.0426 60.3414 46.3547 46.8957 45.0972 47.3387 34.8318 46.0405 56.852 46.3808 46.5043 39.1602 39.5762 56.7758 53.4794 47.0425 65.0496 45.8604 44.0567 69.687 40.1709 50.072 110.149 57.7098 46.231 87.3372 47.0216 44.7581 57.3445 306.499 45.4827 46.5092 72.8724 52.897 70.1652 43.957 109.8018 97.8707 52.8457 49.1689 42.0726
b0.074 53.8255 77.2483 50.7207 54.1422 47.995 320.875 40.3307 51.6991 53.6803 39.0505 49.3787 25.8272 41.9689 47.9319 49.595 45.9473 44.2633 23.7594 39.3683 49.9033 53.8399 65.2487 69.9929 103.6463 126.9827 42.831 92.7947 41.9555 46.9769 55.1496 50.7552 46.7248 53.5094 302.6255 59.8949 44.852 38.9533 50.6038 42.9402 52.6065 47.2025 66.9847 46.4952 50.3512 40.0155 45.8101 53.335 52.0217 54.7632 47.3023
b0.076 101.7844 49.7907 46.6517 53.2348 43.7011 106.4696 94.6802 52.6647 72.0299 71.1917 44.0181 46.7955 47.9481 46.8802 65.9806 49.0708 41.0355 50.1864 66.5298 111.937 53.6521 40.2662 58.8651 24.2912 46.0496 103.4084 96.171 45.8726 98.4548 62.089 98.1023 44.4018 46.1038 221.5598 39.2373 54.27 58.4051 48.0222 46.3681 50.0383 87.8051 49.9658 46.9272 46.6867 54.3612 63.0612 86.7697 46.1664 42.2919 42.8675
b0.078 42.7219 44.3173 102.4338 40.4529 42.5842 60.1588 50.9927 58.4407 43.6809 45.4936 42.4644 47.5574 44.9977 39.9335 36.7619 51.7362 39.4515 71.7749 60.4985 44.377 42.9537 42.2678 46.6585 90.9886 80.7958 43.5643 70.5206 56.511 50.2118 49.8896 48.4273 102.2909 57.8729 43.3532 48.4721 47.0582 48.3923 44.207 42.2848 51.3989 101.1961 47.2274 44.0961 46.1753 53.8102 99.7331 62.9857 55.3361 43.0686 52.3573
b0.08 45.8558 50.1422 46.6703 47.3778 44.9122 53.8149 39.2494 46.7057 47.9592 67.7282 44.8338 98.9661 44.6466 52.2198 50.2237 56.7145 54.5092 52.8959 53.4948 47.7476 51.4007 80.0534 228.7614 55.6995 48.1639 97.4386 145.3173 55.6616 43.6258 50.4604 68.8759 55.7399 41.7061 45.5942 48.3593 46.729 119.9085 48.2918 115.1001 38.9549 46.7691 44.5741 48.4289 71.1024 47.2821 46.7628 48.6959 45.0185 45.8141 70.3399
b0.082 78.3601 46.6195 45.1047 45.5052 44.1741 54.5926 45.138 47.1645 71.3204 54.2998 101.1756 45.5465 47.709 53.5686 70.0789 49.2045 47.6172 47.1766 50.1073 66.3178 57.5847 50.5523 274.1964 45.7233 45.5669 76.5364 92.631 60.0366 44.1806 64.7242 55.1304 54.5179 39.0415 43.7766 46.9896 41.9223 40.0481 42.5183 51.1712 69.7528 45.5429 40.1917 44.3264 54.5067 46.1581 100.1362 40.5315 46.3761 49.0813 36.0535
b0.084 43.5266 49.7851 45.5423 44.2762 44.2529 55.4565 53.2415 42.174 45.9279 192.8044 48.2723 55.0415 30.4114 39.9261 44.0301 65.4946 46.1014 50.3972 53.0535 46.7886 287.9035 44.6299 59.0654 104.4924 72.6864 46.7489 64.7313 97.9107 43.9498 47.6387 73.6693 42.9498 75.2373 46.5661 66.5076 39.0992 45.9332 47.2563 52.6733 40.0529 46.8897 264.6571 55.3486 71.0904 59.3705 61.4141 337.6235 98.2239 74.846 48.1771
b0.08600000000000001 42.7977 43.1314 41.4863 46.3945 70.5766 46.3589 46.9369 102.8531 41.408 54.3219 46.6561 50.5887 78.6965 44.4619 58.5919 120.4204 46.4376 54.9323 46.1117 47.7239 46.7012 46.8747 46.9787 48.7967 432.9581 102.6237 45.7635 41.2975 53.7834 357.4602 40.0058 46.5828 45.7687 48.7387 51.3618 59.6929 41.2323 47.3823 64.3551 68.0979 55.9826 53.4458 53.5659 46.2573 45.9238 41.5354 65.2827 46.317 44.0414 46.4225
b0.088 91.3098 44.726 41.8556 38.3448 52.9079 72.1977 39.9213 53.0851 41.0938 46.6324 32.2491 49.7376 70.1669 46.7984 48.6301 99.7576 43.9809 42.4115 41.2539 101.6383 48.6828 44.2522 42.7675 55.0796 34.0465 45.3098 46.537 47.6494 52.3555 104.7773 41.1818 269.3927 97.5906 53.7708 54.3547 48.0227 52.4646 45.4944 40.4392 49.6126 56.2287 47.4754 42.9038 51.7021 54.993 45.7748 50.9584 60.6669 60.7457 45.3755
b0.09 66.4951 47.5193 39.4864 57.1731 117.6476 63.2335 53.9295 40.5087 42.8982 103.0522 53.5026 54.4178 45.5297 97.3956 36.9471 69.8236 46.8094 44.7341 40.9592 47.1131 47.6766 248.2452 81.2213 53.8489 44.5696 163.1408 67.0902 49.3294 63.5514 48.7181 53.9948 39.7084 95.9851 46.2796 54.6827 98.9187 38.4219 49.4342 71.119 52.6586 53.2564 46.2066 39.2242 77.4456 13.5208 45.1742 49.5057 46.6195 69.0015 101.6978
b0.092 47.1328 75.5003 45.7096 47.9639 33.1577 49.3466 106.4236 62.2045 54.6634 45.0618 23.4483 43.9691 68.1121 82.8099 39.4798 101.9005 235.381 105.4155 46.3819 58.6556 47.6773 53.5066 47.0092 39.8677 48.9119 50.2422 41.9878 338.6585 54.1657 100.886 50.1651 45.2018 49.8172 53.7646 44.4041 39.0975 47.2566 66.9809 51.9326 46.3001 42.385 44.8385 51.3396 45.8786 75.0653 50.8784 46.7976 46.8855 48.9807 48.9823
b0.094 65.2306 59.2093 43.1293 86.5699 83.171 39.6254 44.8577 43.9805 46.9382 41.7738 56.4939 58.8255 62.8949 105.7737 89.4987 51.1676 41.6671 39.9728 38.7884 46.6183 40.4086 48.5854 44.3016 61.0968 46.5131 82.0796 52.927 62.8654 56.0341 48.6766 45.1332 47.9048 97.1715 52.4542 40.567 96.37 47.3422 96.6273 104.2129 53.9133 99.2834 42.649 46.8529 43.1193 64.0805 42.3757 54.6381 45.1649 276.0151 51.9644
b0.096 43.5006 50.621 128.8146 62.277 46.8409 341.1512 53.6476 44.2785 57.2665 42.3604 45.0461 308.2965 44.3998 39.1485 52.685 70.9677 62.5247 130.0885 47.7856 45.3431 96.9026 45.5337 47.2444 46.0128 41.6569 46.7423 45.8197 46.568 50.0177 44.1589 46.0464 46.6879 46.9623 38.2864 47.953 54.2965 46.0362 81.2678 46.0875 64.4222 42.2733 34.009 53.8314 67.9614 48.4937 54.3421 48.1929 52.0359 42.5433 46.7566
b0.098 49.4701 38.861 46.3184 95.6329 45.2424 16.6021 47.4713 44.723 34.2234 50.6287 42.9845 47.7695 105.8483 43.4455 55.6784 76.2926 46.7023 37.7548 46.9909 62.1075 50.7228 45.7487 63.9052 59.3618 45.3992 43.0505 134.5202 41.1091 48.3855 84.796 57.9823 46.416 40.953 38.9508 45.331 47.7761 50.7173 47.3338 52.8719 68.0063 59.8248 41.6582 51.0624 60.8182 47.0954 44.1492 70.4637 92.3075 44.7687 41.1865
b0.1 61.5358 50.2558 50.6639 49.9077 49.379 67.9832 40.8715 41.6777 46.5494 46.9166 84.6774 37.2153 42.43 46.2554 46.9884 106.4232 54.4177 44.5446 47.3822 47.4426 101.4021 40.9493 58.8071 60.7862 51.042 46.9856 68.2029 43.0639 49.507 41.6487 58.1154 43.4999 41.2797 99.0261 45.7207 37.1635 41.8362 44.4768 40.3221 45.8777 46.7319 45.1362 49.6635 45.1844 47.2901 42.073 64.599 59.9533 869.9475 90.5278
