m0.0 45.3605 45.3605 45.3605 45.3605 45.3605 45.3605 45.3605 45.3605 45.3605 45.3605 45.3605 45.3605 45.3605 45.3605 45.3605 45.3605 45.3605 45.3605 45.3605 45.3605 45.3605 45.3605 45.3605 45.3605 45.3605 45.3605 45.3605 45.3605 45.3605 45.3605 45.3605 45.3605 45.3605 45.3605 45.3605 45.3605 45.3605 45.3605 45.3605 45.3605 45.3605 45.3605 45.3605 45.3605 45.3605 45.3605 45.3605 45.3605 45.3605 45.3605
m0.002 44.7453 49.2175 49.137 48.9736 62.4583 62.4778 45.0735 45.4466 49.1282 62.5045 32.3216 50.0438 27.3949 56.9603 49.278 49.181 47.4491 49.1399 49.1653 49.0557 58.7548 49.1598 48.4661 49.1151 60.6086 41.5041 33.3919 86.8619 32.2833 61.9585 56.1597 45.2875 48.0603 45.2204 49.1803 41.1482 45.2613 46.9539 44.8145 48.9915 49.0397 34.7493 22.2137 58.8235 49.0552 57.002 49.0783 25.7109 16.1524 18.4618
m0.004 49.1171 99.4822 45.1849 31.7225 49.0523 21.348 46.7491 75.6916 82.2794 48.3935 46.7522 46.6247 21.0305 51.0398 49.0095 25.2931 32.225 49.0663 58.7864 49.0648 74.7078 60.6469 49.5278 45.2358 53.007 49.1368 49.1588 46.1484 48.0556 45.26 22.1907 49.5707 18.1582 13.3869 787.9041 49.0618 57.096 39.724 48.2091 60.9735 49.0262 16.6476 48.5892 48.0505 49.1761 72.1414 45.2662 49.1715 59.318 63.4027
m0.006 62.4172 44.8479 48.9992 46.6083 22.7376 33.3117 45.3394 26.7805 49.0562 49.1583 45.226 49.1378 49.0488 20.817 30.8753 28.5672 49.0617 49.0557 49.0965 44.8215 32.5808 49.1361 111.6076 56.3362 87.1622 42.5741 49.089 43.4862 58.0763 21.5059 49.5554 24.41 35.6272 49.0782 45.2787 77.2128 62.4475 49.0877 49.1439 45.2145 34.444 28.8064 35.3045 45.2536 49.1372 49.544 31.2288 56.2756 110.756 31.4331
m0.008 29.9899 48.941 49.5864 82.2794 49.0004 49.0179 45.3695 48.9937 49.4599 58.5056 44.9 39.173 49.541 49.126 45.4924 56.1059 44.9994 49.001 49.0481 56.5685 49.5384 45.1717 61.6183 45.3977 25.1059 49.1017 49.1842 39.3084 64.5023 77.5025 47.3015 57.8627 48.284 44.8345 45.3461 49.0535 62.4888 58.2179 142.6979 57.5032 82.1744 58.8236 44.8866 44.8006 113.1101 49.7611 45.0326 26.3681 49.1109 49.1058
m0.01 48.9779 47.7549 48.862 20.0984 44.1433 49.1513 49.6336 45.2962 49.0617 51.3586 49.1581 64.7219 45.4633 49.1956 58.4011 23.9372 60.731 103.3433 48.8761 46.0333 51.2964 15.2657 26.4061 57.1905 60.6857 46.251 43.6044 49.1596 50.0204 49.0713 45.4228 27.9894 45.4035 44.8486 49.0237 16.1872 31.468 49.1636 45.854 44.1192 48.9435 53.9476 18.0869 47.7057 107.1188 59.1695 58.4872 34.3328 58.4326 49.4412
m0.012 49.1031 36.7948 20.9963 64.4064 49.5494 45.2681 59.3526 24.6614 58.8636 74.7427 48.6422 47.8693 48.3728 49.1748 51.7456 74.3585 48.9623 85.265 49.5542 48.8956 49.6453 60.9352 45.1692 33.3441 47.8168 71.8323 48.5511 37.0125 46.7567 56.5403 58.2797 51.9472 56.0532 73.9549 49.0565 44.8213 45.0409 62.5121 49.6146 49.3602 20.9888 19.4238 47.966 59.0479 45.4353 48.9452 49.0176 60.4305 53.2185 59.692
m0.014 29.9687 49.0433 101.1204 43.8298 19.988 45.3851 49.0484 25.4661 61.1282 45.7113 45.5435 56.3448 44.4417 48.5028 24.0734 36.3132 110.2766 63.0994 28.9932 47.852 59.6207 49.5646 69.754 28.4442 134.4732 48.6038 50.0431 47.917 62.4339 45.0966 49.5934 49.0135 47.0611 49.1643 64.8079 44.7644 57.9239 48.9064 49.0009 26.5486 51.1408 37.47 16.9159 64.8857 49.1267 46.7155 43.4531 49.1487 49.0481 49.6299
m0.016 34.7304 29.6517 57.1548 127.0473 56.2461 80.546 49.1526 56.1863 33.2582 49.5787 61.6753 49.043 47.8057 44.0826 47.5091 32.0677 47.9115 81.2272 45.0521 57.8172 49.6405 29.3906 47.5433 45.3063 47.8956 91.4942 45.4456 49.6331 61.1322 45.1327 49.6337 26.4689 45.2302 46.2923 46.8389 32.4033 36.9673 59.4202 45.8362 45.4379 113.7242 92.2756 45.4607 54.2205 49.5672 20.07 30.9165 49.6241 109.8818 45.0875
m0.018000000000000002 45.4662 45.1419 48.3838 73.3277 55.0908 45.5277 28.4305 45.0986 47.3045 45.0181 60.6968 55.5762 62.4865 67.2823 18.4699 49.125 45.3644 20.8151 59.8947 52.3454 44.956 49.1619 26.2174 45.371 45.4121 39.5602 45.2315 33.6992 60.7703 46.8346 45.2289 45.0 45.2029 45.225 301.0013 60.6972 62.439 45.0851 48.4057 48.6888 36.5162 43.9116 49.1218 49.1586 49.6071 44.9358 44.8734 46.2333 48.0716 60.6208
m0.02 56.7391 48.973 58.5448 58.5606 25.4373 13.4875 49.5258 49.5309 56.4159 19.0965 30.5274 45.2905 45.3874 59.4467 48.1153 56.3944 58.4607 49.1362 49.0325 47.2267 45.0653 49.6217 58.8277 46.6976 29.1651 49.0099 48.9199 14.1367 27.0868 29.2577 49.5367 97.267 14.3176 48.8611 58.4687 45.4672 23.6351 62.4802 37.3583 47.9894 26.4893 49.0482 48.228 48.9527 56.3313 109.3786 49.1578 80.2757 20.5809 62.4865
m0.022 82.2794 62.4061 59.8616 97.0778 44.7207 19.6768 46.3535 13.6057 60.8931 49.6385 17.1553 44.7761 56.5086 25.4973 46.226 62.5324 60.7447 49.9547 56.3523 93.8127 49.2526 45.0593 61.537 49.1802 49.477 82.2794 44.6824 49.608 49.375 45.264 39.3424 47.5739 49.592 19.3072 48.2533 48.9567 27.6623 22.811 18.9358 70.2422 44.8226 49.032 45.4408 48.9854 23.965 49.1214 59.8378 49.1228 48.1504 49.6027
m0.024 48.5407 82.2794 27.0783 44.7926 45.5663 27.1534 48.2276 49.646 25.9867 49.5659 48.0183 44.1742 45.2866 49.1565 34.2474 31.8047 49.0544 46.8786 49.3214 49.0559 56.1707 28.5432 43.0135 45.2801 45.6152 69.0323 63.9068 111.1874 31.9593 56.4168 26.2186 56.2666 23.4837 46.1222 48.2754 44.7837 48.4462 44.9754 49.217 45.4517 62.4668 44.9679 49.5612 48.3771 49.6157 62.3809 60.3316 49.3838 49.0693 18.8818
m0.026000000000000002 52.0914 28.2621 67.4834 48.3712 45.211 29.3592 49.7758 58.044 57.2193 43.5853 57.4996 60.558 17.0662 45.2537 58.583 48.9257 45.6828 28.345 40.5197 45.4276 60.5645 49.6089 44.9283 49.0383 45.8478 42.1229 45.3843 20.4309 49.6215 48.4639 112.5837 45.4835 56.2213 45.0391 58.5398 34.7957 64.4905 48.4079 48.2606 39.5258 49.5514 45.47 45.2051 58.0272 43.9212 48.9694 33.0473 49.0611 105.7354 45.3287
m0.028 45.2796 44.8617 62.4043 58.5726 49.6302 45.4973 49.1278 58.7621 56.3859 49.0476 27.0124 45.0207 19.7819 58.9794 48.9816 98.268 58.4701 49.0664 58.5893 29.707 53.8153 44.9628 105.9126 45.3724 27.2859 49.2667 56.6825 58.8221 45.4055 58.9785 47.9239 35.3851 20.0005 58.6386 48.106 20.21 44.8118 57.3254 73.9442 64.4457 44.9809 48.2274 26.6087 49.5298 60.0045 43.6263 75.6507 45.064 45.2774 46.2979
m0.03 50.4176 22.4064 46.8083 82.2794 60.6169 44.2903 46.3996 45.0271 102.4386 38.2931 93.5921 57.0713 49.5177 47.4373 109.5509 28.7044 62.7029 49.6399 32.8604 22.1686 50.2287 22.954 65.1469 44.9626 82.2794 49.5977 58.9909 45.2385 56.4744 49.5882 32.5367 26.4932 44.6665 45.2829 19.0356 53.3677 49.3628 25.9098 84.1504 114.4856 59.3352 44.1044 45.3761 58.7669 49.2311 70.1939 49.5177 28.941 65.9927 47.5348
m0.032 75.4812 61.2786 56.9447 45.4055 56.5 45.2809 116.3948 45.465 44.8046 44.3577 48.9886 25.2009 45.2974 49.6426 440.2167 49.0209 49.0852 27.1838 56.445 46.7114 31.4357 49.2093 21.3026 49.1552 58.4806 21.0122 61.3999 51.9131 58.4067 49.5584 49.6242 48.7759 60.5155 49.552 56.1099 49.1231 56.4198 41.6577 15.899 46.3385 45.4168 45.3121 50.4697 48.4046 62.396 39.421 47.99 28.7277 47.8935 45.4976
m0.034 70.8769 28.6382 48.6039 44.9698 46.0506 49.7648 44.7847 49.6101 44.5943 49.0575 29.4457 48.9586 56.2502 49.1836 47.9666 48.9919 17.2548 48.8527 85.8868 45.8423 73.9085 58.4101 60.4994 79.8662 45.1972 96.2951 44.8395 27.6012 45.4434 27.3348 57.3936 49.1059 49.532 46.0284 59.2724 163.7535 110.7491 101.3528 49.3601 49.4999 45.4162 90.1017 49.0904 49.6249 62.3785 44.9444 57.6908 33.0103 56.4881 48.8343
m0.036000000000000004 45.1054 96.7818 24.2732 106.7571 22.2338 48.8837 44.8883 60.8789 13.2458 52.9421 29.3008 45.1038 57.2769 48.8754 54.5728 44.9093 45.4862 45.2612 38.3438 79.1312 48.5949 54.6752 47.742 49.1428 45.4082 62.4294 26.5142 25.7195 50.961 58.2524 51.1079 52.6623 68.5678 44.9787 72.9636 45.3995 57.664 67.0217 17.9118 48.9015 22.084 49.0 49.5264 45.4776 60.2425 16.2954 49.5955 49.0132 25.8471 59.0409
m0.038 24.0753 43.7592 55.0029 49.6274 42.4463 45.3011 24.261 46.015 22.7918 25.3868 45.0962 58.8295 27.1133 29.5002 45.073 46.3832 49.6354 66.4203 60.8978 45.3597 50.38 49.1654 17.5284 49.7959 45.3281 11.4533 12.6067 45.3616 17.5237 15.3504 24.7225 47.7475 45.2978 57.1075 44.8629 76.4866 67.0397 71.72 36.1867 59.1547 49.5977 44.7964 55.9126 49.0977 34.6238 58.8446 32.9172 48.6307 44.872 39.7803
m0.04 45.2485 102.7546 48.9521 59.859 44.8886 51.3351 43.6677 52.8534 46.1399 45.201 64.8532 29.8887 44.8025 49.1337 87.3205 34.1738 54.1154 44.8735 43.4808 46.7186 45.4158 44.9066 49.3347 50.9968 53.0823 30.9138 69.7151 15.094 31.3797 45.2852 51.3238 79.3692 48.0159 53.0858 13.9368 49.0644 46.0479 58.4002 47.0383 49.6594 48.9778 46.644 49.5887 84.399 44.8467 48.9168 59.2693 46.2713 19.9296 49.549
m0.042 48.0357 56.5153 27.6696 49.6236 49.0458 20.7299 58.8366 45.5798 48.632 29.6094 33.9617 56.528 46.4828 36.9799 17.8163 104.5285 44.9743 28.4485 61.3302 60.3183 79.0509 59.6228 45.3593 59.3938 44.766 82.6266 49.5327 48.5299 31.3546 65.5479 56.3539 54.0495 15.8201 49.7643 28.4217 45.441 45.4077 60.5921 91.9787 45.5687 45.4567 48.9895 25.6817 49.0167 49.5656 49.767 44.7863 58.9577 109.7723 44.1464
m0.044 25.6553 110.5067 17.8827 45.3001 38.4089 56.3204 45.3907 49.0333 48.9317 47.4181 55.6815 60.7769 49.0661 14.285 44.0063 48.9605 89.8849 62.4431 52.6235 48.2719 56.9923 59.1119 45.1096 56.5862 45.0419 44.8861 98.4133 45.2242 48.9893 80.6953 44.3685 17.763 82.2794 17.174 57.2408 49.1118 49.0184 49.0609 49.6523 58.8422 45.0983 113.5953 56.3573 31.6137 49.083 34.7487 46.0658 38.4375 107.4978 111.4964
m0.046 44.8699 49.5603 657.2375 45.3787 56.8072 49.0807 50.0031 111.2915 62.4549 61.3111 49.6145 24.0454 57.5419 119.7217 44.7643 49.6544 67.8816 49.3447 44.7223 52.6174 45.2354 48.5207 12.9028 49.0594 49.0416 56.5687 49.5827 45.0849 45.2966 69.6632 21.8257 111.3513 54.2323 53.3616 104.5265 19.554 49.063 46.1743 44.899 44.0542 45.0982 29.1113 30.6849 76.0859 62.5004 59.0528 58.5253 49.6252 17.2602 46.2861
m0.048 48.2908 72.7021 49.0462 49.5051 44.4193 58.6643 20.9377 103.1646 63.2075 30.2727 58.946 49.626 49.5526 48.1857 56.2414 18.6704 46.1245 48.1698 87.8292 44.9339 31.2267 50.6078 45.3287 48.986 44.3719 44.9464 16.721 49.5756 48.9954 40.0914 45.2513 31.3739 48.995 60.7336 45.3956 45.9832 92.0904 25.8136 112.256 55.474 49.1119 46.7498 17.8973 29.4918 45.7073 45.1441 44.8817 57.5587 15.8895 48.2347
m0.05 50.2404 62.3701 103.3307 16.2571 58.3565 45.3477 45.1776 62.4818 35.42 45.0654 44.7929 54.662 49.1127 56.5098 47.6823 49.4329 48.9537 48.3586 48.3884 97.9457 74.6765 49.0209 70.6751 45.3613 65.1045 58.525 45.0966 45.4145 23.0221 49.6213 32.5121 48.821 43.4944 60.4472 48.2705 46.2203 84.5861 68.7536 46.6932 45.2416 46.7295 46.3507 49.5321 77.3409 46.1428 44.9582 32.1803 28.8952 45.2513 57.7497
m0.052000000000000005 60.9426 49.576 46.8436 29.3855 44.7952 48.9754 59.1322 44.8962 41.2406 82.2794 127.4001 33.6501 37.0782 60.6688 57.5846 46.6259 20.8931 49.7217 62.378 49.637 62.4897 111.3208 45.7958 44.9243 47.022 47.3581 55.8445 45.5398 49.6275 44.9856 107.6472 49.9839 45.4229 64.3638 47.5906 48.4371 49.5508 49.6083 45.0537 61.8231 58.665 76.1748 45.4058 56.3499 44.9648 36.1176 34.1917 110.9519 33.0493 45.3273
m0.054 56.4922 45.3341 56.3194 23.6737 56.8143 44.954 21.0633 49.629 19.4513 21.53 30.9891 45.6435 54.7852 44.2155 49.5439 49.0816 81.8388 44.6283 31.6152 44.1286 60.1249 60.8943 114.4917 49.0053 42.8204 46.2236 49.4772 49.0056 77.7049 84.4409 85.1328 57.1952 46.9821 44.9743 43.493 18.5936 21.2558 49.1338 26.3959 45.006 47.0777 56.2818 51.9095 14.855 21.6337 70.6048 49.1577 48.8726 49.5916 48.9454
m0.056 51.632 22.2156 59.2986 56.2952 24.6447 48.864 82.2794 46.3602 58.9621 57.1455 60.6882 43.2389 81.4172 37.3264 60.3292 45.3941 48.2276 49.4952 59.6551 45.0012 107.5616 48.9724 88.9348 49.2456 49.1499 45.2256 49.5481 28.6536 44.966 94.9138 48.0472 25.1533 46.7521 57.4522 49.5899 44.7602 18.4039 43.5481 49.6274 16.7334 49.1111 47.9796 48.5482 49.5128 40.8369 62.455 44.9918 48.2338 49.105 45.1568
m0.058 45.1544 38.1216 49.5359 45.4405 48.6331 44.9462 49.4182 49.1483 58.8117 73.0478 60.4834 121.4596 45.1069 55.4056 62.5575 88.5857 49.6243 58.7072 28.5789 123.6305 74.5148 49.1368 71.1926 45.5605 44.1167 82.2794 22.7163 58.5669 32.7681 25.4921 46.4201 26.8321 57.2056 20.5396 57.8545 44.6948 51.2691 45.2856 27.1881 78.4754 48.3889 49.6173 45.1828 49.5547 73.9372 56.2466 45.4423 44.9119 45.3584 50.9568
m0.06 44.8322 48.8639 44.7987 46.2576 44.7483 49.4007 49.5578 39.0824 46.2208 49.6035 48.0019 44.9275 25.0749 54.6828 98.8149 67.0346 60.6846 49.1111 59.9916 49.6152 87.9311 44.9908 58.5932 48.0397 58.8008 56.6651 103.4131 45.4593 30.4121 48.9218 24.0962 16.5479 49.1206 45.0021 249.1328 29.0488 44.9645 46.1417 19.395 45.1759 44.7849 45.3599 14.1908 44.8819 51.2889 48.9175 97.6418 41.2448 23.3481 30.5331
m0.062 78.2888 44.7871 45.9785 101.1383 63.2635 99.5555 60.4756 58.9247 64.2001 45.6132 60.9344 45.4509 74.5878 49.2863 48.0257 13.5608 44.325 22.0751 46.7947 49.1415 49.0583 68.9116 49.1537 40.3841 49.6038 95.5932 45.382 84.0365 47.7211 49.0244 52.5638 65.9192 45.8826 27.9893 101.9928 47.5521 57.6409 48.4376 47.9531 24.7851 48.3866 45.3764 45.2636 45.3503 43.2295 44.8003 44.8594 49.2369 56.36 82.2794
m0.064 49.5054 90.1109 27.727 44.7946 49.1952 72.8021 71.9954 49.1491 52.9851 42.2416 58.5789 53.9791 44.874 106.9764 44.9115 71.7917 29.5841 59.1751 20.7375 45.3803 14.9082 45.3374 88.6294 49.6324 45.8351 89.2387 57.6476 45.5061 49.5361 30.7021 64.922 46.659 59.1236 38.9219 31.6713 57.2787 49.214 58.9969 49.4794 43.6308 44.9848 81.3515 45.3606 32.9082 49.1871 46.3015 30.2744 45.0229 56.3033 45.478
m0.066 85.5816 38.9314 18.3824 44.3312 49.1976 58.8182 47.8237 47.9745 112.7979 44.9518 81.2319 37.4628 32.2617 29.3521 49.6284 93.7378 45.4144 93.349 48.9984 45.264 48.5697 46.1917 45.4323 49.0397 45.0568 44.8262 49.6164 113.7242 24.6577 44.9752 107.8844 44.8899 49.1648 45.3015 48.9986 44.3285 44.8238 30.4748 64.1632 45.4634 44.1523 49.6006 56.3111 47.9396 66.764 53.4372 21.8947 14.0807 42.3164 26.5833
m0.068 35.2419 32.0633 231.4059 43.8651 19.9528 24.9136 20.5488 58.7479 49.5544 49.5578 57.7908 56.3123 45.2347 67.0598 82.441 111.5034 58.4945 27.4669 45.2572 56.3269 56.2385 49.0562 44.8938 47.5106 37.5196 45.9052 53.5932 49.5269 44.8019 23.0373 52.3799 48.2046 48.9511 48.4623 45.237 49.0161 31.5256 73.4879 46.1395 60.5776 71.163 28.5073 47.772 44.3116 47.343 89.3569 17.0755 62.8291 14.3705 19.4657
m0.07 107.5756 93.7663 48.1186 32.3575 108.5808 28.0043 44.862 84.4119 21.7652 20.2695 49.6322 45.002 30.168 48.9575 46.2353 20.9782 56.2914 45.4898 62.7115 46.1894 44.7912 48.7293 49.0543 47.9983 44.9653 49.0778 58.5011 48.6688 57.1904 60.7136 53.9258 62.2018 73.23 23.9577 42.6691 105.1788 58.7969 49.0741 25.0318 63.9278 72.8872 49.5913 49.9916 62.4589 49.7117 86.3234 44.9989 48.4363 48.9127 36.9234
m0.07200000000000001 12.7033 55.3279 25.926 107.1632 47.6616 37.3274 90.8072 44.3335 48.881 45.3791 53.6289 48.926 48.9337 45.1406 56.6161 49.1209 62.3642 21.5115 49.1218 45.507 87.4029 45.0558 46.2684 76.5808 47.8684 46.3167 49.1197 60.4551 49.6177 82.2794 91.9482 61.1828 26.8702 61.066 60.7549 15.465 17.9646 43.9311 58.3974 53.4621 84.5683 45.1359 49.7559 49.0482 45.0646 56.5666 50.2432 45.7101 102.1244 27.1132
m0.074 29.7316 44.9458 30.5763 48.1294 49.6015 35.5656 20.7139 49.5611 44.9144 45.1181 45.3686 118.7851 49.1172 66.6653 47.4854 44.0339 57.076 56.3972 49.0342 48.0463 39.7276 63.0265 21.8117 32.3119 25.5806 59.0093 56.7054 49.641 52.713 50.76 49.4883 49.094 25.5818 27.1769 98.724 95.0689 57.9875 50.0296 71.4949 49.5583 28.7619 62.4174 46.3376 49.5916 60.1604 53.5476 40.7101 19.844 26.5463 79.3748
m0.076 45.3881 48.8458 47.7046 59.0125 55.5275 26.6127 49.9468 47.1182 45.8503 58.6532 56.2843 44.9082 80.1479 20.4936 82.7136 55.2843 45.2335 47.1149 46.5799 48.5843 31.5184 58.7669 49.0586 24.1866 45.2644 60.88 87.0853 17.4611 45.281 45.3137 46.2703 105.5666 44.7829 47.5331 100.8594 90.2572 45.3502 24.9971 59.6168 45.4522 49.0104 50.7306 86.805 45.1157 45.2662 45.6266 27.5531 75.0885 38.3383 39.096
m0.078 71.9459 100.9527 45.1018 44.9471 103.1902 113.7961 60.8584 104.3308 49.0007 46.8534 43.5082 48.1759 89.0125 26.3978 55.3834 49.6439 30.1928 34.03 61.6828 23.6864 72.2983 24.8279 49.5399 56.9927 47.9227 95.595 37.5376 49.144 44.3265 30.8739 69.4135 51.8912 44.9318 58.0139 200.0818 27.0252 59.2028 48.3597 62.4288 106.5744 45.8754 63.2924 45.1853 44.7597 49.5506 45.2787 37.2591 110.6685 45.3437 45.4435
m0.08 49.126 91.3201 49.9944 44.7706 45.0349 51.3723 33.0775 44.1495 106.9056 45.414 49.9144 107.0378 29.1956 49.5737 46.0716 82.2794 63.1849 45.1219 79.0836 49.6382 56.2544 49.8977 92.1636 56.157 45.0446 82.2794 46.2064 48.5043 55.8915 44.9139 49.0389 46.5094 87.905 44.4319 49.5017 45.2872 34.1588 45.2049 49.5776 68.7176 47.8191 29.5723 48.1044 49.6478 48.1802 45.3261 56.4004 45.4152 47.8111 109.7395
m0.082 47.6714 18.5051 26.0817 49.6178 61.0242 49.5743 49.0602 36.2344 49.2009 29.5856 45.7387 47.9313 49.105 110.3477 53.2505 34.2233 24.8067 93.1795 41.9185 13.3999 16.0813 56.3083 62.3615 49.3808 58.797 47.8291 56.3527 44.6656 58.4582 44.8002 44.9459 45.1292 44.8056 45.4018 62.3995 60.8632 37.2934 57.7607 48.8041 20.3748 45.2322 49.2345 106.7792 46.3037 20.2854 29.7136 56.5891 29.0513 56.5864 49.1139
m0.084 85.3209 53.3872 62.992 80.3377 49.1005 30.1014 49.5471 75.7464 49.0212 57.4235 56.6351 45.4605 59.4203 48.8444 104.698 22.3623 66.1131 45.5807 48.3629 16.5943 26.743 53.4415 73.8963 60.8607 65.7948 45.4104 29.4912 74.6371 24.15 48.4665 49.2833 45.2024 44.9441 36.2535 44.8078 34.9341 48.0237 45.2684 60.4114 48.9678 49.4627 30.9929 104.7526 64.7486 37.7908 44.9236 57.8952 80.7826 49.6428 47.1669
m0.08600000000000001 49.0841 49.5397 14.5218 48.7038 64.2683 44.9143 60.8569 81.0556 43.0556 18.0789 32.4019 48.9874 44.8024 49.117 50.0542 28.6125 44.7996 92.4054 51.5665 50.4988 106.9888 48.428 58.5219 75.2221 48.072 49.1265 49.6226 49.6402 68.7077 49.1079 49.0336 74.7219 48.4411 45.0571 45.1227 35.4141 42.9041 46.5293 49.6285 49.4534 27.739 48.8161 45.3579 29.4525 49.6111 49.0416 48.1245 31.4737 45.7574 48.2102
m0.088 48.9893 45.3033 26.1534 47.3397 56.4584 51.8655 49.1099 45.1136 60.4316 45.2591 61.6851 70.7376 43.7382 50.0943 239.7173 45.9684 114.3986 49.6081 38.9501 53.3921 45.1093 62.6799 23.9695 303.9749 56.1164 56.4862 56.3246 40.3832 48.5938 37.0667 83.1182 60.6254 47.9128 123.8421 27.6219 49.0817 68.2996 65.6227 73.021 82.2794 82.2794 48.9603 62.4537 43.4697 45.7938 49.1376 21.287 55.0013 49.5638 49.0371
m0.09 49.0128 45.2345 49.025 55.5998 34.7935 17.1577 82.2794 58.4709 52.5382 49.4501 54.6116 69.6799 48.0728 47.1895 49.0525 49.5321 47.5253 48.8504 44.4241 44.2911 83.5076 49.109 49.0303 49.0107 49.5405 49.6092 59.7244 26.7263 55.5101 22.0103 48.337 14.4385 83.0104 13.4058 82.2794 45.7126 46.5591 53.2355 60.8871 48.6517 19.0737 43.3097 97.6128 45.2076 57.9908 49.583 46.6022 26.7961 46.0997 25.46
m0.092 43.5118 41.3013 43.5204 107.427 24.5459 107.5444 48.4342 49.636 49.5314 37.7042 17.3967 36.7075 45.144 45.4207 43.6528 49.0797 79.885 46.2255 29.6458 47.7472 46.5235 18.9249 123.8966 32.529 102.0909 47.3136 22.3575 27.4559 19.1676 46.7708 80.494 55.9448 20.6848 48.5266 49.0629 49.6442 101.294 45.4502 339.9351 45.2902 75.4416 49.4471 70.3808 60.9425 45.1569 20.9205 83.6821 68.8631 46.8444 49.3129
m0.094 109.1482 45.6337 45.1661 49.0942 43.7544 82.2794 23.8753 49.0979 27.1291 42.095 20.9029 31.0824 68.6639 45.4844 50.8061 45.4056 66.0294 20.2902 56.6196 48.9623 45.1322 20.4444 58.5494 60.8488 36.8043 82.2794 49.06 26.9899 48.4222 11.9678 49.9857 62.2218 20.5522 44.6775 43.4604 87.9362 45.3528 45.2659 49.5477 49.9991 58.5894 26.7018 31.3733 28.5728 45.9087 44.1099 49.0744 44.8539 52.7362 49.0367
m0.096 49.183 57.1108 90.8997 56.0588 46.0202 44.9272 48.2827 48.161 50.071 75.6347 49.0064 103.364 45.2503 44.4004 28.8995 26.8142 91.9324 44.8352 76.2525 45.0544 91.6797 52.4642 45.2609 48.1355 92.9976 48.9864 40.3589 46.2366 45.3426 18.519 44.207 45.3656 56.5325 44.2468 51.1522 108.4973 104.3911 45.2121 56.2682 43.388 57.1487 45.4258 17.3224 31.6703 49.0845 56.2332 102.7738 43.6729 45.0342 47.2758
m0.098 59.4475 56.3948 47.1218 48.485 49.6158 15.5761 91.1513 44.9477 55.931 49.4862 45.5502 15.687 49.0547 47.7224 48.8636 15.0385 17.3944 47.9495 123.929 45.7848 35.0432 106.2334 155.5019 49.7184 49.5271 39.6918 68.4476 69.5968 83.7591 160.7424 56.2566 58.3761 54.6354 49.614 49.4929 40.0666 60.2885 45.3592 48.9968 45.514 62.9784 45.0315 76.9541 49.703 48.9267 40.8461 48.7103 37.2682 89.1918 38.189
m0.1 107.3025 48.5451 43.7663 39.4447 30.9842 49.1468 38.4995 55.5785 52.9521 51.6885 64.6292 53.9561 76.0554 57.2744 23.1151 23.4306 48.4904 56.2538 103.2191 44.0268 58.4897 72.6709 61.1981 53.3757 49.2138 82.2794 46.2665 86.6579 31.8457 48.8764 56.988 112.794 52.1648 60.6972 68.4346 47.8205 42.4151 48.9721 27.4651 88.5287 45.1909 46.1433 47.7806 45.0475 49.5437 58.0403 49.096 58.7374 48.6646 49.1205
