b0.0 56.9093 56.9093 56.9093 56.9093 56.9093 56.9093 56.9093 56.9093 56.9093 56.9093 56.9093 56.9093 56.9093 56.9093 56.9093 56.9093 56.9093 56.9093 56.9093 56.9093 56.9093 56.9093 56.9093 56.9093 56.9093 56.9093 56.9093 56.9093 56.9093 56.9093
b0.0004 39.8661 37.4456 72.7649 30.1106 50.3363 33.7742 226.1791 75.4629 99.7491 62.9105 82.422 42.6719 81.3145 70.0713 76.3065 47.3871 379.4033 64.8862 36.4973 79.5918 69.2996 87.7822 60.9296 76.6413 64.6494 55.4833 88.917 71.06 77.5858 152.1218
b0.0008 52.9748 48.8493 64.0937 76.8874 54.2801 73.7838 89.5689 88.578 10.6029 73.3314 42.0229 77.9513 80.9793 81.9767 79.7886 81.8321 48.8027 43.0478 83.4741 94.1642 78.7239 71.1938 77.8083 92.5002 74.9576 78.2166 41.2679 58.9094 48.4015 111.3596
b0.0012000000000000001 51.7314 52.3881 57.7208 85.8136 72.2032 381.8288 107.836 45.7482 37.9422 62.3411 71.64 62.2652 81.6232 120.2831 53.1728 87.4778 59.9149 167.0246 84.6222 90.321 44.561 67.2482 60.6896 82.7488 155.8114 82.812 74.6701 122.3926 66.7845 551.4864
b0.0016 71.0215 40.2488 57.8452 82.6715 36.6016 65.6355 94.701 78.4091 80.1718 59.442 33.2828 76.7981 48.8768 52.4783 58.1824 87.5834 62.2484 66.8611 84.8488 69.9064 210.5271 77.0942 62.6297 97.5976 97.6412 75.6427 55.4358 63.8498 50.3179 84.1482
b0.002 71.3809 46.2103 52.1766 71.7073 52.422 54.4315 47.3371 43.0033 82.9258 78.4487 47.6555 57.6825 70.5276 50.4286 60.6521 78.9767 76.9651 52.9665 48.4762 48.9638 78.5188 82.6692 53.8349 44.9228 85.1636 123.6115 53.1608 91.1547 67.7678 83.8688
b0.0024000000000000002 54.0446 60.4393 75.9991 114.7193 59.0031 86.7634 67.0292 43.4896 58.0361 73.2947 47.4089 55.8675 73.0971 87.8828 66.3233 54.0693 84.1684 84.8732 84.0686 79.4758 57.595 79.3541 71.8288 61.4907 82.7095 69.7896 57.5279 57.4271 43.5905 87.3452
b0.0028 58.3451 52.8023 50.8162 60.9608 54.718 92.9831 63.6157 74.1362 79.6121 88.4971 90.311 48.4621 83.2139 126.8591 39.4687 62.4778 23.3238 79.428 47.1121 51.5033 99.7147 74.3148 86.7783 75.4261 58.2672 134.4512 56.0378 46.4725 52.7649 59.9303
b0.0032 62.6718 52.5266 67.6256 77.0622 363.4986 86.5596 60.3938 79.2453 60.086 45.2816 73.892 63.7105 89.8513 89.7378 50.4974 70.4338 62.0037 56.5192 74.5321 56.4366 92.0282 54.7399 71.3287 75.0713 46.0257 45.4948 39.0654 80.0357 82.9886 45.7612
b0.0036000000000000003 59.1926 77.7165 81.1038 87.0763 80.0076 383.4024 62.8721 68.5709 88.4891 82.0047 46.2714 84.0957 85.3815 75.1025 90.2389 54.5786 39.449 38.5564 71.7837 49.326 162.1213 143.5842 58.9672 83.2617 61.9358 51.1753 62.9008 64.1574 63.0237 51.8512
b0.004 67.4051 276.9414 48.7144 92.3578 341.2395 60.5597 132.3144 50.6659 89.8372 49.3117 87.1991 96.4183 76.81 41.9406 59.0735 81.8267 23.3721 60.17 81.2254 46.4092 70.5802 53.0956 39.0863 77.852 53.4407 54.4332 79.5701 66.2402 66.8752 68.6968
b0.0044 74.4766 42.206 85.3585 80.7021 86.1302 67.7167 42.0672 67.4562 79.249 94.9963 83.2268 24.0193 390.5305 73.6095 85.4898 24.4686 78.4229 89.2558 66.2781 51.6418 71.5315 55.7955 37.86 55.9895 79.1105 73.4612 95.1135 79.6147 82.1208 60.798
b0.0048000000000000004 89.2102 73.8928 87.3921 53.5267 98.3602 96.5459 70.5948 63.3335 59.293 75.2752 52.5032 63.7671 67.8202 63.6418 55.3457 81.6814 70.8223 69.8389 654.5197 82.1001 54.9785 38.6716 88.7232 56.1417 74.8137 72.9216 49.6164 71.4627 81.5909 53.1793
b0.005200000000000001 76.4008 618.1516 63.8727 67.5446 73.3046 88.9114 73.3678 49.5246 55.9663 79.9963 55.6735 62.5545 187.7405 55.6153 63.8725 75.7549 81.7345 65.9484 68.9625 48.8815 89.9026 78.3439 79.3772 82.134 74.989 52.5501 75.9179 84.2539 79.2187 79.8307
b0.0056 197.3548 72.077 81.7897 63.0329 59.0569 67.1217 72.5428 47.3221 82.4457 39.4872 50.1753 48.3752 76.4225 50.3616 75.1733 88.5233 64.5186 46.2756 87.3751 51.7458 53.1321 59.6237 48.0736 43.3001 49.8884 175.8656 52.6579 49.4203 106.1768 50.0719
b0.006 73.3302 58.3697 66.9384 68.1879 380.5357 46.3709 61.4905 58.1966 64.6446 124.4667 76.3348 60.7555 46.437 58.5347 56.1682 80.842 68.4233 54.7993 91.5359 302.7782 93.491 72.8543 52.6555 105.5197 59.9491 75.9173 69.1409 80.3331 62.19 50.0776
b0.0064 47.4815 75.2432 73.6444 111.5926 88.3804 38.4567 53.8294 54.0172 77.4429 51.7955 58.3354 87.592 58.0714 52.6459 94.5212 56.9174 62.573 84.8764 78.694 110.6896 65.6152 90.6635 50.0777 83.2622 52.6992 119.4108 49.7403 87.5653 63.5702 60.2583
b0.0068000000000000005 57.4891 51.5703 75.0482 78.9227 230.2756 99.5922 81.7204 45.9874 76.97 53.7413 48.276 70.8217 68.4842 87.6733 73.6643 60.1109 70.053 68.4627 88.5373 63.779 80.8436 40.7349 58.3243 61.7217 84.1915 73.1453 88.7221 56.7974 75.3455 95.3532
b0.007200000000000001 76.8299 76.0517 58.2356 82.4828 59.9476 52.4896 62.6303 61.2655 74.8152 83.5007 77.0299 47.5666 45.5256 68.5547 102.9487 71.7318 73.011 56.7398 84.1554 82.4985 83.6589 72.9203 47.5434 52.0998 82.4217 93.4699 58.7689 61.6525 102.5505 81.6978
b0.0076 61.6391 85.486 69.6262 46.556 83.7475 69.891 77.2546 164.4102 52.3052 71.5824 49.061 100.5935 74.7203 83.1836 93.5964 92.1956 88.0916 52.2965 66.3706 52.621 64.6971 77.4496 94.753 45.4495 53.9862 61.7027 70.2287 50.8527 47.6166 34.4623
b0.008 76.1882 57.1034 66.3687 88.4593 79.8322 116.1485 79.5972 61.3777 78.3619 84.1852 68.7398 52.3615 97.9304 75.512 77.3436 78.1442 57.053 78.2364 60.2167 350.5223 80.6264 64.3609 76.116 79.5268 87.1629 85.3045 67.0196 98.3651 64.7652 76.292
b0.008400000000000001 85.5056 78.2855 68.037 69.7578 86.1788 92.4207 56.2655 50.6582 56.4969 79.0747 83.489 98.013 80.2691 44.5252 56.2119 48.8298 76.759 61.2967 44.7809 85.5902 69.8425 82.8181 59.4388 63.2958 57.2684 76.3597 104.7557 88.9478 58.2106 88.4198
b0.0088 81.613 74.3492 77.6778 59.0074 91.7324 51.0541 49.179 71.5676 84.5673 58.6402 43.2181 83.2271 42.4694 44.2158 60.9607 87.8591 55.4435 77.4065 75.2812 48.3614 44.9693 73.4154 34.9172 211.144 101.642 69.8515 60.4484 88.8908 81.3874 58.7293
b0.0092 73.3188 74.6997 90.538 71.1955 87.5806 74.4515 82.742 116.0575 78.6602 83.759 54.1911 76.0512 66.6354 68.9707 47.6704 68.5483 31.6332 36.8883 89.1137 81.8971 80.0461 85.8756 175.6283 85.8572 73.0852 91.8388 83.335 71.0534 55.0397 66.9903
b0.009600000000000001 52.9641 92.2607 85.4382 54.0161 55.179 48.0961 49.8161 42.9121 65.3115 75.9267 53.8408 63.434 79.952 80.4062 75.7525 51.7657 63.3279 67.4063 47.9326 80.9098 73.8322 111.2268 79.2125 82.0434 66.9851 87.9075 52.7771 74.0412 83.4659 73.7663
b0.01 64.0364 83.5193 51.3149 50.7778 150.5979 41.7658 83.6072 98.8124 92.7994 60.4851 87.682 90.8083 83.4801 93.0294 61.7105 81.162 84.0836 87.8448 44.8988 50.4004 79.7508 84.3203 88.055 50.365 63.6972 73.2536 88.1685 60.7448 78.6233 86.454
