m0.0 45.3605 45.3605 45.3605 45.3605 45.3605 45.3605 45.3605 45.3605 45.3605 45.3605 45.3605 45.3605 45.3605 45.3605 45.3605 45.3605 45.3605 45.3605 45.3605 45.3605 45.3605 45.3605 45.3605 45.3605 45.3605 45.3605 45.3605 45.3605 45.3605 45.3605
m0.02 46.7098 30.6552 50.0333 49.6158 55.9397 28.3354 48.4897 56.3268 113.4145 56.1526 44.7914 57.3 49.1325 45.4678 44.8675 49.0348 28.974 47.5539 49.0718 34.5935 45.1811 29.2469 45.8952 38.0726 45.4148 48.0279 45.512 49.6186 48.9288 56.2318
m0.04 29.9344 60.6746 45.3567 46.1121 53.4494 58.5812 34.9886 29.7047 45.3609 48.9021 49.4921 58.8832 45.0106 29.0598 49.1856 44.4146 93.6583 49.2045 48.9372 44.8458 83.4933 47.8803 67.7892 45.0739 15.5572 58.7129 45.9827 49.5737 69.4998 45.3859
m0.06 28.8857 46.692 44.7963 21.529 49.2528 49.4747 49.6642 21.9141 49.5027 45.255 47.9567 45.2644 35.8476 46.7177 56.2416 19.8782 58.4907 98.9796 34.5389 43.6905 45.4798 46.2645 48.1636 45.2736 49.5396 48.4036 57.8803 14.1763 24.0562 29.4657
m0.08 64.668 17.5874 62.4112 38.1412 48.8387 60.7369 58.3349 56.4071 44.568 44.8581 50.6171 44.8269 48.9038 56.3916 45.2663 44.8942 49.6339 57.2667 45.099 30.962 48.9242 59.2805 32.8125 58.5151 60.05 45.8615 46.0247 70.9367 57.2784 77.9343
m0.1 75.3478 43.8131 54.9474 113.0516 49.5631 30.1281 45.4437 43.8883 65.765 24.6541 45.4088 49.0205 30.7719 60.7609 69.1669 12.2541 49.4523 48.808 53.522 15.6478 44.6256 113.3688 49.7554 49.0503 44.9814 73.2761 48.8213 59.3074 77.928 58.6325
m0.12 49.0573 84.6221 16.7327 92.4482 26.2561 49.0974 87.1097 38.1961 73.9574 45.1339 44.9531 17.138 49.0375 44.9714 73.5844 43.8233 45.2878 85.5729 13.6158 47.7398 54.0623 49.0024 60.6771 29.928 40.7986 47.2897 45.3471 48.1656 48.5752 103.3423
m0.14 49.9741 59.8225 47.4796 51.0876 47.6084 44.7677 81.1652 57.9075 45.4642 45.4623 48.9455 89.8184 47.6919 60.6191 44.9607 46.3737 89.534 29.4451 70.1604 49.5449 65.1393 25.3019 45.0687 80.6781 47.9833 49.5971 107.18 76.8663 60.3993 105.8313
m0.16 51.888 44.9498 58.4556 60.6648 111.1022 82.2794 49.5112 66.0073 47.3255 48.5391 30.1396 60.4831 56.2362 43.9641 62.3864 43.3224 69.039 80.4129 47.4124 101.4218 45.0906 78.4532 44.9567 47.6163 45.8039 49.6113 83.2886 43.4873 76.0238 58.1071
m0.18 45.0485 49.0412 54.2496 47.8382 57.2234 48.105 48.9129 49.8338 54.6287 48.9747 82.9209 27.4122 47.784 16.6224 49.5672 39.8653 53.1286 22.4602 48.4336 44.2788 45.2695 45.3992 44.7973 74.6876 45.4371 19.9714 44.8284 87.1469 102.3166 58.5504
m0.2 88.8963 49.6326 44.8534 48.1504 56.5921 47.5956 298.6377 37.8181 49.0413 84.0683 45.5292 67.4478 22.7052 29.5782 63.4785 135.5557 47.746 30.0147 45.3212 19.5275 82.2794 47.845 45.2087 109.1695 42.5149 49.0433 23.0827 23.1804 47.7355 60.5053
m0.22 45.2442 44.3988 28.7494 46.7586 17.7567 56.5995 43.4063 49.0095 25.3248 45.8156 72.4191 106.1145 110.7158 44.5971 58.0813 19.9024 44.1974 45.0405 49.1684 83.9996 46.3133 49.5013 49.5799 87.7905 42.6407 310.8394 56.8057 48.0281 31.004 109.716
m0.24 110.223 48.0233 28.881 91.4907 59.3633 111.9007 48.6309 70.4836 44.9631 104.1616 119.1827 66.6539 49.2062 53.1174 48.3539 48.4298 63.4178 54.4967 35.0124 72.3744 48.2206 44.7079 57.018 43.7577 31.9845 49.1014 44.9812 78.7098 21.8807 15.9007
m0.26 45.4606 61.8524 17.0466 44.8368 66.6215 74.9202 111.3911 47.8243 22.3794 62.4086 27.2824 44.314 58.4378 70.5952 49.6711 19.4841 49.6531 45.3399 12.3593 44.908 73.4495 652.3694 47.1896 45.2932 58.7512 31.8708 62.5106 48.1504 128.0002 48.0902
m0.28 75.153 45.2752 60.8088 38.1489 48.999 20.6474 20.987 41.2581 47.7097 46.125 23.7939 45.5341 46.4722 64.7184 48.1431 45.3529 43.2825 93.6686 44.8196 58.717 74.6576 55.7402 43.5399 80.8534 82.2794 46.2324 29.2644 47.0136 89.43 54.5759
m0.3 37.0104 28.2239 46.7374 33.6796 56.3343 29.6272 56.5758 16.2819 43.2902 48.3722 71.7939 44.8536 107.4518 43.2893 58.4029 16.9746 51.1823 60.1559 35.792 64.9333 25.1674 49.1163 60.4952 58.5804 49.5505 178.5004 82.2794 47.1429 73.8588 60.7648
m0.32 46.4863 102.3575 37.3908 33.3165 47.1291 23.306 19.8063 55.1186 48.0529 87.5278 30.5366 53.3135 43.4028 43.7535 16.1774 60.2171 45.4122 39.7606 43.6427 78.2825 108.7751 44.9647 14.8061 58.6354 44.8043 47.0199 47.72 56.5055 18.8511 59.8469
