2503.653564453125 -5539.642578125
2504.146240234375 -5539.64794921875
2504.638671875 -5539.6533203125
2505.131103515625 -5539.65869140625
2505.62353515625 -5539.66357421875
2506.115966796875 -5539.6689453125
2506.6083984375 -5539.673828125
2507.100830078125 -5539.67919921875
2507.59326171875 -5539.68408203125
2508.0859375 -5539.689453125
2508.578369140625 -5539.6943359375
2509.07080078125 -5539.69970703125
2509.563232421875 -5539.70458984375
2510.0556640625 -5539.70947265625
2510.548095703125 -5539.71484375
2511.04052734375 -5539.7197265625
2511.532958984375 -5539.724609375
2512.025634765625 -5539.72998046875
2512.51806640625 -5539.73486328125
2513.010498046875 -5539.73974609375
2513.5029296875 -5539.7451171875
2513.995361328125 -5539.75
2514.48779296875 -5539.75537109375
2514.980224609375 -5539.76025390625
2515.47265625 -5539.765625
2515.96533203125 -5539.7705078125
2516.457763671875 -5539.77587890625
2516.955322265625 -5539.78125
2517.452880859375 -5539.7861328125
2517.950439453125 -5539.79150390625
2518.447998046875 -5539.796875
2518.945556640625 -5539.80224609375
2519.443115234375 -5539.80810546875
2519.940673828125 -5539.8134765625
2520.438232421875 -5539.81884765625
2520.935791015625 -5539.82421875
2521.433349609375 -5539.830078125
2521.930908203125 -5539.83544921875
2522.428466796875 -5539.84130859375
2522.926025390625 -5539.8466796875
2523.42333984375 -5539.8525390625
2523.9208984375 -5539.8583984375
2524.41845703125 -5539.86376953125
2524.916015625 -5539.86962890625
2525.41357421875 -5539.87548828125
2525.9111328125 -5539.88134765625
2526.40869140625 -5539.88720703125
2526.90625 -5539.89306640625
2527.40380859375 -5539.89892578125
2527.9013671875 -5539.9052734375
2528.39892578125 -5539.9111328125
2528.896484375 -5539.9169921875
2529.39404296875 -5539.92333984375
2529.8916015625 -5539.92919921875
2530.38916015625 -5539.935546875
2530.88671875 -5539.94140625
2531.38427734375 -5539.94775390625
2531.8818359375 -5539.9541015625
2532.37939453125 -5539.9599609375
2532.876953125 -5539.96630859375
2533.37451171875 -5539.97265625
2533.8720703125 -5539.97900390625
2534.36962890625 -5539.9853515625
2534.8671875 -5539.99169921875
2535.36474609375 -5539.99853515625
2535.8623046875 -5540.0048828125
2536.359619140625 -5540.01123046875
2536.857177734375 -5540.01806640625
2537.354736328125 -5540.0244140625
2537.852294921875 -5540.03125
2538.334228515625 -5540.03564453125
2538.81591796875 -5540.03173828125
2539.29736328125 -5540.01513671875
2539.7783203125 -5539.98779296875
2540.259033203125 -5539.95458984375
2540.73974609375 -5539.921875
2541.220947265625 -5539.8984375
2541.70263671875 -5539.892578125
2542.18408203125 -5539.91015625
2542.66357421875 -5539.95654296875
2543.139404296875 -5540.03125
2543.61083984375 -5540.130859375
2544.042236328125 -5540.23779296875
2544.470458984375 -5540.35693359375
2544.89501953125 -5540.48876953125
2545.315673828125 -5540.6328125
2545.73193359375 -5540.7890625
2546.143310546875 -5540.95751953125
2546.5498046875 -5541.1376953125
2546.95068359375 -5541.32958984375
2547.3525390625 -5541.53662109375
2547.748046875 -5541.755859375
2548.136962890625 -5541.986328125
2548.518798828125 -5542.228515625
2548.931396484375 -5542.49462890625
2549.342529296875 -5542.763671875
2549.6953125 -5543.1025390625
2549.892822265625 -5543.5478515625
2549.90966796875 -5544.03759765625
2549.883056640625 -5544.490234375
2549.8564453125 -5544.943359375
2549.829833984375 -5545.39599609375
2549.80322265625 -5545.8486328125
2549.776611328125 -5546.3017578125
2549.748291015625 -5546.76708984375
2549.71435546875 -5547.232421875
2549.67236328125 -5547.697265625
2549.62255859375 -5548.1611328125
2549.567626953125 -5548.62451171875
2549.510986328125 -5549.08740234375
2549.45947265625 -5549.5224609375
2549.410888671875 -5549.95751953125
2549.365966796875 -5550.39306640625
2549.3251953125 -5550.8291015625
2549.28857421875 -5551.265625
2549.256103515625 -5551.70263671875
2549.227294921875 -5552.1396484375
2549.198486328125 -5552.62744140625
2549.173095703125 -5553.115234375
2549.150634765625 -5553.603515625
2549.131591796875 -5554.09130859375
2549.11572265625 -5554.580078125
2549.103271484375 -5555.068359375
2549.093994140625 -5555.55712890625
2549.087890625 -5556.04541015625
2549.085205078125 -5556.5341796875
2549.085693359375 -5557.02294921875
2549.089599609375 -5557.52294921875
2549.096435546875 -5558.0224609375
2549.106689453125 -5558.5224609375
2549.119384765625 -5559.0224609375
2549.135009765625 -5559.52197265625
2549.15283203125 -5560.02197265625
2549.173095703125 -5560.521484375
2549.1953125 -5561.02099609375
2549.21923828125 -5561.5205078125
2549.244873046875 -5562.01953125
2549.271728515625 -5562.51904296875
2549.300048828125 -5563.01806640625
2549.329345703125 -5563.51708984375
2549.359375 -5564.0166015625
2549.39013671875 -5564.515625
2549.42138671875 -5565.0146484375
2549.452880859375 -5565.513671875
2549.484375 -5566.0126953125
2549.5146484375 -5566.4951171875
2549.544921875 -5566.9775390625
2549.574951171875 -5567.4599609375
2549.604736328125 -5567.9423828125
2549.634521484375 -5568.42529296875
2549.664306640625 -5568.90771484375
2549.69384765625 -5569.39013671875
2549.723388671875 -5569.87255859375
2549.7529296875 -5570.35546875
2549.7822265625 -5570.837890625
2549.8115234375 -5571.3203125
2549.8408203125 -5571.80322265625
2549.869873046875 -5572.28564453125
2549.899169921875 -5572.76806640625
2549.92822265625 -5573.25048828125
2549.957275390625 -5573.7333984375
2549.986328125 -5574.2158203125
2550.015625 -5574.6982421875
2550.044677734375 -5575.18115234375
2550.07373046875 -5575.66357421875
2550.102783203125 -5576.14599609375
2550.1318359375 -5576.62890625
2550.1611328125 -5577.111328125
2550.1904296875 -5577.59375
2550.2197265625 -5578.07666015625
2550.24951171875 -5578.56689453125
2550.279296875 -5579.056640625
2550.30908203125 -5579.546875
2550.3388671875 -5580.037109375
2550.368896484375 -5580.52734375
2550.398681640625 -5581.017578125
2550.42822265625 -5581.5078125
2550.457763671875 -5581.998046875
2550.4873046875 -5582.48828125
2550.5166015625 -5582.978515625
2550.5458984375 -5583.46875
2550.574951171875 -5583.958984375
2550.603759765625 -5584.44921875
2550.63232421875 -5584.939453125
2550.66064453125 -5585.4296875
2550.6884765625 -5585.919921875
2550.71630859375 -5586.41015625
2550.74365234375 -5586.900390625
2550.770751953125 -5587.39111328125
2550.797607421875 -5587.88134765625
2550.82373046875 -5588.37158203125
2550.849853515625 -5588.8623046875
2550.875244140625 -5589.3525390625
2550.89990234375 -5589.8369140625
2550.924072265625 -5590.32080078125
2550.947998046875 -5590.80517578125
2550.97119140625 -5591.28955078125
2550.993896484375 -5591.77392578125
2551.01611328125 -5592.25830078125
2551.037841796875 -5592.74267578125
2551.05908203125 -5593.22705078125
2551.079833984375 -5593.71142578125
2551.099853515625 -5594.19580078125
2551.119140625 -5594.68017578125
2551.137939453125 -5595.16455078125
2551.15625 -5595.64892578125
2551.173828125 -5596.1337890625
2551.190673828125 -5596.6181640625
2551.206787109375 -5597.1025390625
2551.222412109375 -5597.58740234375
2551.2373046875 -5598.07177734375
2551.25146484375 -5598.556640625
2551.264892578125 -5599.041015625
2551.27734375 -5599.52587890625
2551.289306640625 -5600.0107421875
2551.300537109375 -5600.4951171875
2551.310791015625 -5600.97998046875
2551.3203125 -5601.46435546875
2551.3291015625 -5601.94873046875
2551.3369140625 -5602.43310546875
2551.34423828125 -5602.91796875
2551.3505859375 -5603.40234375
2551.35595703125 -5603.88671875
2551.36083984375 -5604.37158203125
2551.36474609375 -5604.85595703125
2551.367919921875 -5605.34033203125
2551.370361328125 -5605.8251953125
2551.3720703125 -5606.3095703125
2551.372802734375 -5606.79443359375
2551.373046875 -5607.27880859375
2551.3720703125 -5607.76318359375
2551.37060546875 -5608.248046875
2551.368408203125 -5608.732421875
2551.365234375 -5609.21728515625
2551.361328125 -5609.70166015625
2551.3564453125 -5610.18603515625
2551.35107421875 -5610.6708984375
2551.3447265625 -5611.1552734375
2551.337646484375 -5611.6396484375
2551.329833984375 -5612.12451171875
2551.3212890625 -5612.60888671875
2551.311767578125 -5613.09326171875
2551.301513671875 -5613.57763671875
2551.29052734375 -5614.06201171875
2551.278564453125 -5614.546875
2551.26611328125 -5615.03125
2551.252685546875 -5615.515625
2551.238525390625 -5616.0
2551.223388671875 -5616.486328125
2551.2080078125 -5616.97265625
2551.192138671875 -5617.45849609375
2551.176025390625 -5617.94482421875
2551.160400390625 -5618.43115234375
2551.144775390625 -5618.91748046875
2551.129638671875 -5619.40380859375
2551.114990234375 -5619.89013671875
2551.100830078125 -5620.37646484375
2551.08740234375 -5620.86279296875
2551.074951171875 -5621.34912109375
2551.06298828125 -5621.83544921875
2551.052001953125 -5622.32177734375
2551.0419921875 -5622.80859375
2551.03271484375 -5623.294921875
2551.024169921875 -5623.78125
2551.0166015625 -5624.267578125
2551.009765625 -5624.75439453125
2551.003662109375 -5625.24072265625
2550.998291015625 -5625.72705078125
2550.99365234375 -5626.2138671875
2550.989501953125 -5626.7001953125
2550.986083984375 -5627.18701171875
2550.98291015625 -5627.67333984375
2550.980224609375 -5628.15966796875
2550.97802734375 -5628.646484375
2550.97607421875 -5629.1328125
2550.974365234375 -5629.61962890625
2550.97265625 -5630.10595703125
2550.97119140625 -5630.60205078125
2550.9697265625 -5631.0986328125
2550.968505859375 -5631.5947265625
2550.967529296875 -5632.0908203125
2550.966552734375 -5632.58740234375
2550.9658203125 -5633.08349609375
2550.965087890625 -5633.57958984375
2550.96435546875 -5634.076171875
2550.964111328125 -5634.572265625
2550.963623046875 -5635.068359375
2550.963623046875 -5635.56494140625
2550.96337890625 -5636.06103515625
2550.963623046875 -5636.55712890625
2550.9638671875 -5637.0537109375
2550.964111328125 -5637.5478515625
2550.964599609375 -5638.04248046875
2550.965087890625 -5638.53662109375
2550.9658203125 -5639.03125
2550.966796875 -5639.525390625
2550.967529296875 -5640.02001953125
2550.968505859375 -5640.51416015625
2550.9697265625 -5641.0087890625
2550.970947265625 -5641.5029296875
2550.97216796875 -5641.99755859375
2550.973388671875 -5642.49169921875
2550.974609375 -5642.986328125
2550.97607421875 -5643.48046875
2550.9775390625 -5643.97509765625
2550.97900390625 -5644.46923828125
2550.980712890625 -5644.9638671875
2550.982177734375 -5645.4580078125
2550.98388671875 -5645.95263671875
2550.9853515625 -5646.44677734375
2550.987060546875 -5646.94140625
2550.98876953125 -5647.435546875
2550.990478515625 -5647.93017578125
2550.991943359375 -5648.42822265625
2550.99365234375 -5648.92578125
2550.995361328125 -5649.423828125
2550.996826171875 -5649.921875
2550.99853515625 -5650.419921875
2551.0 -5650.91748046875
2551.001708984375 -5651.41552734375
2551.003173828125 -5651.91357421875
2551.004638671875 -5652.41162109375
2551.006103515625 -5652.9091796875
2551.007568359375 -5653.4072265625
2551.009033203125 -5653.9052734375
2551.010498046875 -5654.4033203125
2551.01171875 -5654.9013671875
2551.01318359375 -5655.39892578125
2551.014404296875 -5655.89697265625
2551.015625 -5656.39501953125
2551.016845703125 -5656.89306640625
2551.01806640625 -5657.390625
2551.01904296875 -5657.888671875
2551.020263671875 -5658.38671875
2551.021240234375 -5658.884765625
2551.022216796875 -5659.38232421875
2551.02294921875 -5659.88037109375
2551.02392578125 -5660.37841796875
2551.024658203125 -5660.87646484375
2551.025390625 -5661.37451171875
